cacs<pair_ID	relatedness_score
0	3.84
1	3.497
2	3.351
3	3.405
4	3.335
5	3.683
6	3.078
7	3.018
8	2.862
9	2.903
10	2.679
11	4.32
12	3.13
13	3.24
14	3.792
15	4.236
16	3.763
17	3.081
18	3.242
19	4.239
20	4.162
21	3.586
22	3.651
23	4.046
24	3.617
25	3.919
26	4.309
27	4.123
28	3.908
29	3.562
30	2.659
31	2.821
32	2.675
33	2.795
34	2.618
35	3.851
36	3.829
37	3.906
38	2.965
39	2.372
40	2.837
41	2.347
42	4.252
43	4.122
44	4.029
45	3.606
46	2.612
47	2.755
48	2.703
49	3.694
50	4.37
51	3.181
52	3.104
53	2.669
54	4.535
55	4.002
56	3.932
57	4.152
58	2.813
59	3.135
60	4.365
61	3.738
62	2.978
63	2.841
64	3.643
65	3.964
66	3.518
67	3.181
68	2.887
69	4.07
70	3.085
71	3.044
72	3.144
73	2.661
74	2.893
75	2.83
76	4.252
77	3.75
78	4.19
79	3.779
80	4.301
81	2.911
82	3.056
83	2.815
84	2.934
85	3.111
86	2.905
87	3.142
88	3.16
89	3.825
90	4.029
91	2.733
92	2.744
93	2.639
94	4.018
95	4.192
96	3.133
97	2.891
98	3.796
99	4.143
100	2.806
101	2.755
102	2.637
103	2.794
104	3.996
105	3.794
106	3.437
107	3.047
108	4.164
109	3.698
110	2.883
111	2.89
112	3.765
113	2.687
114	3.58
115	3.237
116	3.984
117	4.212
118	2.881
119	3.703
120	3.738
121	4.204
122	2.984
123	2.88
124	3.036
125	4.133
126	3.729
127	4.217
128	3.717
129	4.202
130	2.681
131	2.772
132	3.6
133	3.971
134	3.548
135	3.498
136	2.591
137	2.982
138	4.184
139	3.8
140	3.808
141	3.862
142	3.281
143	3.561
144	4.219
145	4.334
146	3.005
147	2.922
148	3.017
149	4.166
150	3.781
151	4.458
152	3.423
153	3.683
154	3.82
155	3.66
156	4.093
157	3.706
158	3.053
159	2.54
160	2.884
161	2.737
162	2.875
163	3.602
164	3.892
165	4.447
166	3.869
167	3.858
168	3.837
169	3.143
170	2.65
171	2.721
172	3.983
173	3.577
174	2.618
175	2.948
176	3.511
177	3.994
178	4.559
179	3.757
180	3.734
181	2.916
182	3.828
183	3.974
184	3.891
185	2.992
186	3.159
187	3.046
188	3.184
189	2.847
190	4.099
191	2.905
192	2.852
193	2.5
194	3.842
195	3.287
196	3.017
197	3.444
198	3.936
199	3.045
200	4.273
201	3.983
202	3.772
203	3.355
204	4.146
205	4.083
206	3.985
207	3.491
208	4.349
209	4.307
210	3.456
211	3.001
212	2.744
213	2.609
214	4.407
215	3.871
216	3.619
217	3.858
218	3.085
219	3.883
220	4.216
221	3.599
222	3.634
223	4.126
224	3.548
225	4.142
226	2.986
227	4.329
228	2.828
229	2.865
230	4.157
231	3.799
232	3.94
233	2.829
234	2.968
235	3.188
236	3.095
237	3.476
238	3.138
239	4.79
240	3.426
241	3.65
242	2.914
243	3.293
244	4.223
245	4.136
246	4.189
247	3.528
248	3.828
249	3.549
250	2.765
251	3.151
252	4.088
253	4.313
254	4.129
255	3.816
256	2.882
257	2.834
258	2.767
259	3.566
260	2.552
261	3.748
262	3.784
263	3.743
264	3.542
265	4.162
266	3.481
267	3.496
268	2.966
269	2.976
270	3.473
271	3.931
272	3.665
273	3.513
274	3.006
275	3.536
276	3.154
277	2.639
278	3.783
279	4.209
280	3.744
281	2.925
282	3.687
283	3.23
284	3.711
285	2.906
286	2.826
287	4.428
288	3.883
289	4.125
290	3.846
291	3.734
292	3.993
293	3.523
294	4.284
295	4.213
296	2.972
297	2.863
298	3.027
299	4.355
300	4.39
301	4.241
302	3.464
303	3.149
304	3.036
305	3.128
306	3.322
307	3.776
308	4.088
309	4.338
310	3.795
311	3.219
312	2.79
313	3.051
314	3.029
315	3.355
316	3.134
317	4.256
318	4.191
319	4.236
320	2.81
321	3.252
322	3.304
323	2.855
324	3.219
325	4.231
326	3.379
327	2.821
328	3.521
329	3.732
330	4.258
331	2.899
332	2.841
333	2.887
334	4.169
335	4.281
336	2.726
337	3.602
338	3.881
339	3.743
340	3.077
341	2.859
342	2.797
343	3.053
344	4.164
345	3.556
346	2.97
347	3.035
348	3.11
349	2.698
350	2.799
351	2.65
352	3.582
353	2.882
354	2.706
355	2.68
356	4.172
357	3.86
358	3.405
359	3.431
360	3.631
361	3.879
362	4.358
363	2.932
364	2.671
365	2.724
366	2.826
367	3.452
368	4.024
369	3.959
370	3.897
371	3.134
372	3.825
373	3.793
374	4.257
375	3.64
376	3.822
377	3.283
378	2.95
379	3.436
380	3.812
381	3.669
382	3.789
383	3.975
384	3.825
385	3.061
386	3.168
387	2.952
388	3.163
389	4.599
390	3.693
391	3.186
392	3.017
393	3.864
394	4.072
395	3.074
396	4.036
397	3.615
398	3.576
399	4.12
400	3.476
401	3.505
402	3.493
403	3.789
404	3.598
405	3.062
406	3.574
407	3.364
408	2.918
409	2.978
410	2.823
411	3.048
412	4.216
413	3.666
414	4.428
415	3.491
416	3.594
417	2.759
418	3.466
419	4.4
420	3.559
421	3.502
422	3.944
423	3.127
424	2.787
425	3.742
426	3.727
427	3.961
428	2.979
429	3.314
430	3.167
431	4.522
432	3.563
433	2.923
434	2.796
435	2.809
436	3.986
437	3.882
438	3.049
439	3.059
440	4.196
441	4.085
442	3.405
443	2.922
444	2.912
445	3.303
446	4.204
447	4.21
448	3.297
449	3.124
450	3.134
451	3.475
452	3.991
453	3.231
454	3.349
455	3.214
456	3.376
457	4.321
458	3.728
459	3.724
460	4.214
461	3.716
462	3.214
463	2.717
464	1.918
465	2.655
466	1.911
467	2.014
468	4.158
469	3.235
470	3.275
471	3.406
472	2.884
473	3.893
474	4.051
475	3.063
476	4.307
477	3.805
478	3.436
479	3.976
480	3.876
481	3.149
482	4.003
483	3.737
484	3.459
485	3.94
486	4.27
487	3.653
488	3.628
489	1.868
490	1.822
491	3.64
492	4.254
493	2.509
494	1.894
495	1.933
496	4.36
497	3.718
498	3.679
499	3.758
500	4.041
501	4.343
502	3.194
503	3.079
504	1.956
505	2.351
506	3.628
507	3.468
508	3.76
509	3.559
510	4.26
511	2.975
512	3.245
513	3.499
514	3.797
515	3.771
516	3.212
517	2.538
518	2.675
519	2.489
520	4.218
521	4.083
522	4.063
523	4.185
524	3.672
525	3.917
526	3.813
527	3.6
528	3.655
529	4.296
530	4.185
531	3.765
532	2.791
533	2.919
534	2.773
535	4.258
536	2.639
537	3.49
538	3.172
539	3.692
540	3.569
541	3.498
542	2.176
543	3.522
544	4.015
545	3.557
546	2.496
547	2.931
548	2.932
549	4.293
550	2.893
551	3.539
552	3.014
553	3.645
554	2.688
555	2.582
556	2.618
557	3.332
558	2.901
559	3.986
560	2.658
561	2.755
562	3.095
563	4.287
564	4.065
565	3.759
566	3.651
567	3.571
568	3.644
569	3.311
570	2.464
571	3.917
572	3.716
573	2.331
574	4.112
575	4.125
576	3.341
577	3.783
578	3.589
579	3.757
580	3.137
581	3.202
582	3.725
583	4.455
584	3.672
585	3.243
586	3.871
587	3.777
588	3.477
589	3.315
590	3.757
591	3.001
592	4.032
593	3.676
594	2.903
595	3.745
596	3.672
597	3.269
598	3.165
599	3.755
600	4.631
601	4.578
602	3.207
603	3.648
604	3.731
605	3.757
606	3.859
607	3.732
608	3.589
609	2.898
610	2.938
611	4.553
612	4.301
613	3.049
614	2.642
615	1.936
616	2.053
617	3.588
618	3.675
619	3.168
620	3.461
621	4.136
622	2.438
623	2.464
624	3.728
625	4.201
626	3.429
627	3.506
628	4.045
629	3.584
630	2.888
631	3.382
632	1.969
633	1.97
634	3.559
635	1.855
636	1.855
637	2.153
638	4.358
639	4.284
640	3.194
641	3.181
642	3.567
643	3.655
644	3.652
645	3.658
646	3.165
647	4.005
648	4.732
649	3.816
650	3.125
651	3.41
652	3.758
653	3.95
654	3.749
655	3.891
656	4.273
657	4.205
658	3.023
659	3.678
660	3.767
661	4.194
662	2.035
663	2.047
664	3.642
665	4.058
666	3.606
667	3.256
668	3.738
669	3.718
670	2.004
671	1.889
672	1.89
673	4.188
674	3.575
675	2.776
676	4.393
677	3.835
678	3.412
679	3.61
680	2.959
681	3.613
682	4.123
683	4.536
684	3.685
685	3.635
686	4.362
687	3.718
688	3.618
689	2.548
690	2.541
691	2.804
692	2.541
693	4.246
694	2.446
695	2.277
696	3.144
697	4.476
698	3.778
699	2.331
700	2.166
701	3.199
702	3.552
703	3.392
704	3.5
705	3.457
706	3.775
707	3.278
708	4.293
709	3.76
710	4.145
711	3.579
712	4.362
713	3.69
714	2.911
715	3.034
716	3.361
717	2.303
718	3.984
719	3.382
720	2.124
721	3.128
722	4.332
723	3.647
724	4.229
725	3.115
726	3.593
727	3.687
728	3.089
729	3.581
730	3.55
731	3.52
732	4.392
733	3.693
734	3.681
735	3.101
736	4.54
737	3.599
738	4.64
739	4.042
740	4.152
741	2.055
742	2.087
743	2.127
744	2.906
745	3.772
746	4.469
747	3.51
748	4.432
749	3.779
750	3.709
751	2.496
752	2.495
753	2.562
754	4.693
755	4.243
756	2.504
757	2.815
758	4.073
759	3.661
760	4.171
761	4.141
762	4.355
763	4.067
764	4.322
765	3.815
766	2.046
767	2.09
768	3.338
769	2.111
770	4.304
771	3.441
772	3.846
773	3.638
774	4.036
775	3.846
776	3.532
777	4.291
778	3.67
779	3.011
780	2.285
781	2.292
782	2.876
783	2.947
784	4.19
785	3.693
786	4.042
787	3.859
788	3.131
789	3.003
790	4.229
791	3.478
792	3.708
793	2.62
794	2.279
795	2.359
796	2.858
797	4.269
798	2.973
799	2.89
800	2.427
801	2.534
802	2.349
803	2.57
804	3.806
805	3.725
806	2.271
807	3.887
808	3.13
809	4.319
810	2.136
811	2.134
812	2.139
813	4.003
814	4.667
815	3.783
816	4.812
817	2.955
818	2.464
819	4.203
820	3.084
821	3.901
822	3.439
823	2.393
824	2.426
825	2.631
826	3.829
827	3.579
828	4.278
829	2.816
830	3.719
831	3.207
832	3.853
833	2.203
834	2.216
835	3.013
836	4.321
837	3.599
838	4.395
839	2.99
840	3.005
841	3.036
842	3.918
843	2.211
844	4.205
845	3.821
846	3.078
847	2.18
848	2.295
849	3.079
850	4.318
851	2.899
852	2.246
853	3.569
854	3.519
855	2.105
856	2.197
857	4.254
858	3.395
859	3.557
860	3.337
861	3.353
862	2.745
863	3.792
864	4.269
865	2.215
866	2.236
867	3.771
868	3.715
869	4.265
870	3.523
871	3.669
872	3.072
873	2.897
874	3.007
875	3.648
876	4.253
877	4.084
878	3.565
879	3.093
880	3.067
881	2.959
882	3.546
883	2.413
884	3.53
885	3.678
886	3.45
887	4.054
888	2.474
889	2.244
890	2.438
891	2.318
892	4.317
893	3.221
894	4.461
895	2.564
896	3.114
897	3.068
898	4.346
899	3.657
900	3.818
901	2.29
902	2.251
903	2.303
904	2.615
905	3.791
906	4.34
907	2.463
908	2.612
909	3.972
910	3.878
911	4.543
912	3.728
913	2.904
914	3.386
915	3.268
916	4.502
917	3.51
918	4.401
919	3.868
920	3.605
921	3.664
922	3.594
923	2.747
924	3.342
925	3.694
926	4.09
927	3.279
928	4.622
929	3.765
930	2.264
931	3.396
932	2.342
933	2.369
934	3.792
935	3.945
936	4.26
937	3.584
938	2.578
939	2.914
940	2.656
941	2.669
942	3.664
943	3.582
944	3.745
945	2.537
946	3.003
947	2.626
948	3.419
949	3.341
950	3.46
951	3.319
952	4.632
953	3.977
954	3.433
955	2.925
956	2.629
957	2.575
958	2.626
959	3.63
960	3.618
961	4.272
962	4.363
963	3.815
964	3.61
965	4.294
966	4.602
967	3.802
968	3.796
969	3.98
970	3.683
971	3.186
972	3.738
973	4.123
974	3.83
975	3.913
976	3.532
977	3.948
978	2.63
979	3.281
980	2.854
981	4.406
982	3.828
983	4.521
984	4.108
985	3.206
986	3.708
987	3.742
988	3.286
989	4.499
990	3.325
991	3.982
992	3.307
993	4.409
994	4.281
995	4.098
996	3.725
997	4.137
998	3.974
999	3.659
1000	3.838
1001	3.614
1002	3.133
1003	2.687
1004	3.405
1005	3.818
1006	3.352
1007	3.738
1008	4.396
1009	3.438
1010	3.293
1011	3.272
1012	3.28
1013	3.595
1014	4.338
1015	3.703
1016	4.026
1017	3.869
1018	2.925
1019	3.603
1020	4.46
1021	3.687
1022	4.473
1023	3.724
1024	4.507
1025	3.803
1026	4.279
1027	4.306
1028	3.842
1029	3.265
1030	3.2
1031	3.351
1032	3.284
1033	4.186
1034	3.922
1035	3.716
1036	3.345
1037	3.344
1038	3.25
1039	2.755
1040	3.386
1041	3.347
1042	4.279
1043	3.222
1044	3.784
1045	3.196
1046	3.672
1047	3.108
1048	3.9
1049	3.527
1050	2.859
1051	3.038
1052	2.86
1053	3.807
1054	3.642
1055	3.081
1056	3.084
1057	4.188
1058	3.64
1059	4.335
1060	3.196
1061	3.004
1062	4.526
1063	3.705
1064	3.719
1065	3.743
1066	3.793
1067	3.261
1068	2.673
1069	4.187
1070	3.67
1071	3.821
1072	4.313
1073	3.681
1074	3.539
1075	3.591
1076	3.792
1077	2.476
1078	2.526
1079	4.22
1080	3.179
1081	2.739
1082	3.734
1083	3.725
1084	3.321
1085	2.483
1086	4.326
1087	4.133
1088	3.633
1089	4.127
1090	4.282
1091	3.639
1092	2.778
1093	2.973
1094	2.855
1095	3.099
1096	4.304
1097	3.976
1098	3.338
1099	4.098
1100	2.94
1101	4.145
1102	4.306
1103	3.522
1104	3.425
1105	4.414
1106	4.065
1107	3.192
1108	3.649
1109	3.115
1110	2.669
1111	4.411
1112	2.919
1113	4.358
1114	3.803
1115	3.31
1116	3.359
1117	3.726
1118	4.235
1119	3.791
1120	4.548
1121	4.171
1122	4.44
1123	3.764
1124	3.128
1125	3.487
1126	3.738
1127	3.542
1128	3.371
1129	3.758
1130	4.291
1131	4.297
1132	2.425
1133	2.695
1134	3.803
1135	3.344
1136	4.076
1137	4.153
1138	4.241
1139	3.02
1140	3.519
1141	3.206
1142	3.813
1143	4.456
1144	3.857
1145	3.962
1146	2.911
1147	3.676
1148	2.827
1149	3.502
1150	3.734
1151	4.553
1152	3.549
1153	4.371
1154	3.332
1155	4.483
1156	2.779
1157	4.438
1158	3.805
1159	4.278
1160	3.724
1161	2.425
1162	4.209
1163	3.121
1164	3.632
1165	4.248
1166	4.052
1167	3.404
1168	3.806
1169	2.771
1170	2.957
1171	3.693
1172	4.363
1173	3.778
1174	3.652
1175	2.936
1176	4.172
1177	4.137
1178	3.082
1179	2.837
1180	3.836
1181	4.347
1182	3.564
1183	3.654
1184	4.556
1185	3.58
1186	3.363
1187	3.135
1188	3.528
1189	3.818
1190	3.708
1191	4.371
1192	3.746
1193	3.367
1194	3.118
1195	3.94
1196	3.536
1197	3.496
1198	4.14
1199	4.374
1200	3.838
1201	3.769
1202	2.822
1203	3.637
1204	4.314
1205	2.92
1206	2.706
1207	3.097
1208	4.1
1209	4.369
1210	3.584
1211	3.669
1212	3.669
1213	4.5
1214	3.919
1215	4.379
1216	3.708
1217	3.01
1218	3.075
1219	3.129
1220	3.069
1221	3.738
1222	3.694
1223	3.924
1224	4.288
1225	3.677
1226	3.802
1227	3.797
1228	3.311
1229	3.982
1230	4.004
1231	4.117
1232	4.238
1233	3.834
1234	3.572
1235	3.708
1236	4.584
1237	4.499
1238	3.996
1239	3.669
1240	3.811
1241	4.151
1242	2.815
1243	3.001
1244	4.345
1245	4.128
1246	3.236
1247	3.713
1248	3.752
1249	3.776
1250	3.681
1251	2.885
1252	3.796
1253	3.848
1254	3.758
1255	4.37
1256	2.97
1257	3.23
1258	4.371
1259	4.123
1260	3.88
1261	3.779
1262	4.482
1263	4.433
1264	3.52
1265	3.591
1266	3.816
1267	3.659
1268	3.508
1269	3.512
1270	4.507
1271	3.725
1272	3.597
1273	2.876
1274	4.408
1275	3.779
1276	3.738
1277	4.415
1278	4.649
1279	4.358
1280	4.242
1281	3.033
1282	3.823
1283	4.35
1284	3.003
1285	4.036
1286	3.83
1287	3.87
1288	4.459
1289	3.855
1290	4.304
1291	2.968
1292	3.022
1293	2.778
1294	4.447
1295	3.625
1296	4.336
1297	3.798
1298	3.182
1299	4.146
1300	3.667
1301	2.879
1302	2.938
1303	3.954
1304	3.933
1305	3.707
1306	3.69
1307	3.05
1308	3.746
1309	4.113
1310	3.272
1311	3.266
1312	4.606
1313	4.375
1314	3.799
1315	4.068
1316	3.767
1317	3.853
1318	4.553
1319	3.987
1320	3.829
1321	4.087
1322	3.569
1323	4.256
1324	3.835
1325	4.1
1326	3.294
1327	2.905
1328	3.017
1329	2.836
1330	4.253
1331	3.737
1332	2.934
1333	3.408
1334	4.408
1335	3.829
1336	3.73
1337	3.789
1338	3.486
1339	3.61
1340	4.091
1341	3.578
1342	4.286
1343	3.429
1344	3.288
1345	4.118
1346	3.703
1347	3.249
1348	3.79
1349	4.404
1350	4.404
1351	4.452
1352	3.454
1353	4.429
1354	3.749
1355	3.431
1356	3.775
1357	3.463
1358	4.41
1359	4.234
1360	4.06
1361	3.63
1362	4.191
1363	4.586
1364	4.167
1365	4.42
1366	3.752
1367	4.202
1368	3.54
1369	4.119
1370	3.712
1371	3.153
1372	3.416
1373	4.273
1374	3.407
1375	3.693
1376	4.28
1377	3.492
1378	4.379
1379	4.045
1380	4.506
1381	3.375
1382	3.205
1383	2.96
1384	3.651
1385	3.191
1386	3.746
1387	4.619
1388	3.769
1389	4.485
1390	3.954
1391	3.419
1392	3.186
1393	3.605
1394	3.782
1395	3.857
1396	4.192
1397	3.653
1398	4.292
1399	3.747
1400	3.085
1401	3.993
1402	3.719
1403	3.872
1404	4.68
1405	4.014
1406	2.885
1407	4.217
1408	4.3
1409	4.144
1410	4.444
1411	4.428
1412	3.747
1413	3.666
1414	3.627
1415	4.013
1416	4.127
1417	3.35
1418	2.249
1419	3.748
1420	3.251
1421	3.247
1422	3.297
1423	3.157
1424	3.157
1425	3.248
1426	4.596
1427	4.071
1428	3.474
1429	4.084
1430	4.18
1431	3.171
1432	3.828
1433	3.717
1434	3.631
1435	4.417
1436	3.856
1437	3.826
1438	3.819
1439	3.515
1440	3.658
1441	4.44
1442	3.763
1443	3.262
1444	2.78
1445	4.534
1446	3.705
1447	3.551
1448	3.453
1449	2.963
1450	2.873
1451	3.112
1452	3.74
1453	3.224
1454	3.792
1455	3.755
1456	4.261
1457	3.646
1458	3.82
1459	3.002
1460	2.876
1461	4.376
1462	3.889
1463	3.565
1464	3.261
1465	4.14
1466	3.738
1467	3.75
1468	3.388
1469	3.705
1470	3.042
1471	2.925
1472	4.619
1473	3.677
1474	4.693
1475	3.704
1476	4.248
1477	4.106
1478	3.101
1479	2.921
1480	3.085
1481	2.927
1482	3.414
1483	3.725
1484	3.969
1485	4.468
1486	2.921
1487	3.14
1488	3.79
1489	3.849
1490	3.64
1491	4.49
1492	3.79
1493	3.12
1494	3.147
1495	4.058
1496	3.686
1497	4.594
1498	4.175
1499	4.229
1500	4.488
1501	2.933
1502	3.226
1503	4.608
1504	3.007
1505	4.123
1506	3.187
1507	3.585
1508	3.673
1509	3.949
1510	4.382
1511	3.71
1512	3.862
1513	3.885
1514	3.761
1515	3.258
1516	3.932
1517	3.401
1518	4.459
1519	3.737
1520	4.204
1521	3.875
1522	3.628
1523	4.24
1524	3.721
1525	3.819
1526	4.358
1527	3.715
1528	3.585
1529	4.511
1530	3.966
1531	3.754
1532	3.516
1533	3.677
1534	3.448
1535	3.754
1536	3.751
1537	3.631
1538	3.957
1539	3.81
1540	3.718
1541	3.416
1542	3.849
1543	3.807
1544	3.922
1545	3.639
1546	3.817
1547	3.091
1548	3.368
1549	3.304
1550	4.326
1551	4.53
1552	3.892
1553	4.387
1554	3.476
1555	3.571
1556	3.479
1557	3.924
1558	3.904
1559	4.345
1560	3.771
1561	3.601
1562	3.065
1563	3.497
1564	3.827
1565	2.795
1566	4.152
1567	3.744
1568	3.589
1569	3.849
1570	3.87
1571	3.767
1572	3.208
1573	3.667
1574	3.318
1575	3.432
1576	4.226
1577	3.166
1578	3.239
1579	3.131
1580	3.427
1581	3.666
1582	4.279
1583	2.894
1584	3.842
1585	3.653
1586	3.01
1587	3.565
1588	3.384
1589	3.262
1590	3.518
1591	4.415
1592	3.772
1593	3.718
1594	3.514
1595	3.379
1596	4.266
1597	3.807
1598	3.017
1599	3.31
1600	3.407
1601	3.94
1602	4.46
1603	3.98
1604	3.297
1605	3.182
1606	3.293
1607	3.753
1608	4.501
1609	4.568
1610	3.738
1611	3.149
1612	3.192
1613	3.347
1614	3.191
1615	3.622
1616	2.942
1617	3.635
1618	3.943
1619	4.464
1620	4.366
1621	3.84
1622	4.554
1623	3.73
1624	4.642
1625	3.846
1626	4.275
1627	3.771
1628	4.601
1629	3.687
1630	3.839
1631	3.682
1632	4.24
1633	4.456
1634	4.535
1635	4.548
1636	4.616
1637	3.782
1638	3.694
1639	3.497
1640	4.453
1641	3.193
1642	3.207
1643	2.93
1644	3.209
1645	3.432
1646	4.593
1647	3.7
1648	2.784
1649	4.457
1650	3.749
1651	4.631
1652	4.084
1653	3.694
1654	3.9
1655	3.863
1656	4.398
1657	3.896
1658	3.622
1659	4.385
1660	3.752
1661	4.39
1662	3.839
1663	4.574
1664	4.453
1665	4.046
1666	4.458
1667	3.73
1668	3.514
1669	3.075
1670	3.311
1671	3.431
1672	3.483
1673	3.502
1674	3.444
1675	3.011
1676	4.051
1677	4.522
1678	4.315
1679	3.795
1680	3.659
1681	3.044
1682	3.432
1683	3.323
1684	3.695
1685	3.279
1686	4.272
1687	4.637
1688	3.705
1689	3.938
1690	3.338
1691	3.891
1692	4.454
1693	4.48
1694	4.077
1695	3.72
1696	3.839
1697	3.749
1698	3.898
1699	4.371
1700	3.81
1701	3.213
1702	3.828
1703	4.433
1704	3.86
1705	3.392
1706	3.316
1707	3.641
1708	3.74
1709	3.801
1710	3.216
1711	3.125
1712	2.994
1713	3.199
1714	2.727
1715	3.925
1716	3.54
1717	3.808
1718	3.863
1719	3.853
1720	4.319
1721	3.19
1722	3.682
1723	3.351
1724	3.132
1725	3.1
1726	3.042
1727	4.11
1728	4.416
1729	3.214
1730	3.828
1731	4.588
1732	3.757
1733	3.041
1734	3.484
1735	4.056
1736	4.557
1737	3.066
1738	3.48
1739	4.632
1740	3.678
1741	4.483
1742	3.82
1743	3.717
1744	3.959
1745	3.883
1746	4.478
1747	4.139
1748	3.829
1749	4.123
1750	4.492
1751	3.83
1752	3.418
1753	3.832
1754	3.54
1755	3.329
1756	2.986
1757	4.24
1758	3.694
1759	3.36
1760	4.209
1761	3.306
1762	3.173
1763	3.38
1764	4.465
1765	4.526
1766	3.816
1767	3.641
1768	3.192
1769	3.089
1770	3.277
1771	3.847
1772	4.577
1773	3.728
1774	4.392
1775	3.746
1776	3.642
1777	4.095
1778	3.783
1779	4.582
1780	3.894
1781	3.421
1782	3.074
1783	4.513
1784	3.828
1785	4.693
1786	3.389
1787	3.241
1788	3.171
1789	3.857
1790	3.188
1791	4.504
1792	3.341
1793	3.364
1794	4.568
1795	4
1796	3.587
1797	4.415
1798	4.474
1799	3.986
1800	3.572
1801	3.304
1802	3.693
1803	3.367
1804	4.693
1805	4.655
1806	3.805
1807	4.655
1808	4.68
1809	4.159
1810	4.151
1811	3.813
1812	3.521
1813	4.287
1814	3.098
1815	3.021
1816	3.832
1817	4.619
1818	3.274
1819	3.549
1820	3.796
1821	3.793
1822	4.516
1823	3.72
1824	4.348
1825	3.195
1826	3.172
1827	3.299
1828	4.589
1829	4.182
1830	3.772
1831	3.835
1832	3.764
1833	3.204
1834	3.727
1835	4.292
1836	3.719
1837	3.904
1838	3.682
1839	2.861
1840	3.271
1841	4.658
1842	3.138
1843	4.129
1844	4.068
1845	3.58
1846	3.68
1847	4.214
1848	4.123
1849	3.812
1850	3.077
1851	4.214
1852	3.946
1853	3.702
1854	3.774
1855	4.267
1856	3.802
1857	2.998
1858	3.037
1859	3.77
1860	3.307
1861	3.344
1862	3.281
1863	4.09
1864	3.868
1865	3.561
1866	3.459
1867	4.319
1868	3.659
1869	4.108
1870	3.558
1871	3.649
1872	4.138
1873	2.98
1874	2.946
1875	3.587
1876	3.782
1877	4.656
1878	3.086
1879	3.14
1880	3.322
1881	3.748
1882	3.931
1883	3.493
1884	3.556
1885	3.499
1886	3.097
1887	4.684
1888	3.902
1889	3.976
1890	3.299
1891	4.208
1892	3.826
1893	3.794
1894	3.832
1895	3.911
1896	3.728
1897	4.489
1898	4.531
1899	3.843
1900	3.739
1901	3.845
1902	3.929
1903	4.087
1904	3.579
1905	3.891
1906	3.543
1907	4.272
1908	4.296
1909	3.844
1910	3.872
1911	1.513
1912	1.601
1913	2.624
1914	3.73
1915	2.871
1916	4.162
1917	3.275
1918	3.105
1919	3.722
1920	4.216
1921	3.406
1922	3.311
1923	3.656
1924	2.977
1925	3.273
1926	2.753
1927	3.234
1928	3.937
1929	3.398
1930	3.41
1931	3.293
1932	3.29
1933	3.562
1934	4.319
1935	3.511
1936	1.457
1937	2.328
1938	3.821
1939	4.177
1940	3.644
1941	1.772
1942	2.198
1943	3.079
1944	3.268
1945	3.306
1946	3.459
1947	4.188
1948	4.279
1949	4.693
1950	4.046
1951	3.82
1952	3.983
1953	3.911
1954	3.989
1955	3.168
1956	3.409
1957	4.719
1958	3.779
1959	4.211
1960	3.945
1961	4.134
1962	2.465
1963	3.716
1964	3.777
1965	4.259
1966	3.817
1967	2.175
1968	3.288
1969	2
1970	1.418
1971	1.405
1972	4.26
1973	3.12
1974	3.751
1975	2.78
1976	4.011
1977	3.355
1978	3.097
1979	4.037
1980	2.19
1981	1.953
1982	4.237
1983	4.495
1984	4.099
1985	4.462
1986	2.307
1987	2.513
1988	4.188
1989	4.175
1990	3.768
1991	3.792
1992	2.272
1993	2.339
1994	3.693
1995	3.774
1996	2.565
1997	2.225
1998	2.541
1999	2.627
2000	4.606
2001	3.467
2002	3.205
2003	3.324
2004	4.033
2005	4.227
2006	3.834
2007	3.373
2008	2.833
2009	2.602
2010	4.693
2011	3.569
2012	3.414
2013	4.446
2014	3.768
2015	3.383
2016	2.894
2017	3.102
2018	4.332
2019	3.83
2020	3.555
2021	3.477
2022	4.281
2023	4.319
2024	3.738
2025	2.289
2026	4.693
2027	3.702
2028	3.704
2029	3.463
2030	1.511
2031	2.197
2032	1.516
2033	3.753
2034	3.92
2035	3.884
2036	4.266
2037	3.757
2038	4.302
2039	3.738
2040	3.86
2041	3.756
2042	2.006
2043	2.023
2044	1.974
2045	4.619
2046	3.744
2047	4.693
2048	3.835
2049	4.234
2050	3.623
2051	3.569
2052	3.405
2053	3.924
2054	4.002
2055	3.706
2056	2.135
2057	2.554
2058	2.109
2059	3.731
2060	4.459
2061	3.822
2062	3.967
2063	2.285
2064	2.245
2065	2.535
2066	4.05
2067	3.913
2068	3.963
2069	3.575
2070	3.889
2071	4.279
2072	4.332
2073	2.747
2074	3.441
2075	2.758
2076	3.61
2077	3.413
2078	2.45
2079	2.425
2080	4.182
2081	3.803
2082	4.014
2083	3.678
2084	4.213
2085	3.784
2086	3.5
2087	2.641
2088	2.641
2089	4.619
2090	3.822
2091	4.298
2092	3.614
2093	2.48
2094	4.232
2095	3.817
2096	3.738
2097	3.405
2098	3.858
2099	3.735
2100	3.395
2101	3.552
2102	3.363
2103	2.562
2104	2.51
2105	2.603
2106	4.159
2107	4.209
2108	1.891
2109	1.396
2110	1.383
2111	2.038
2112	4.266
2113	4.119
2114	2.187
2115	2.239
2116	4.315
2117	3.406
2118	3.554
2119	2.238
2120	1.96
2121	3.578
2122	3.754
2123	3.717
2124	3.468
2125	3.424
2126	3.465
2127	2.864
2128	3.86
2129	4.485
2130	4.372
2131	3.725
2132	3.538
2133	2.862
2134	2.852
2135	3.758
2136	2.782
2137	2.868
2138	4.292
2139	4.2
2140	2.675
2141	2.252
2142	3.342
2143	2.162
2144	3.755
2145	4.25
2146	3.581
2147	3.449
2148	2.382
2149	3.638
2150	4.632
2151	3.77
2152	2.65
2153	2.799
2154	2.612
2155	4.656
2156	2.314
2157	1.994
2158	2.456
2159	2.302
2160	3.59
2161	3.471
2162	1.59
2163	4.332
2164	3.826
2165	2.732
2166	3.369
2167	3.792
2168	4.211
2169	3.82
2170	3.474
2171	3.48
2172	3.389
2173	4.185
2174	3.604
2175	4.227
2176	3.169
2177	2.649
2178	2.645
2179	4.203
2180	1.624
2181	1.495
2182	1.602
2183	3.481
2184	4.501
2185	4.154
2186	3.875
2187	3.791
2188	2.094
2189	2.418
2190	4.095
2191	3.966
2192	3.963
2193	3.476
2194	2.407
2195	2.563
2196	3.359
2197	3.499
2198	3.794
2199	4.211
2200	3.803
2201	1.703
2202	2.283
2203	1.956
2204	1.7
2205	3.865
2206	4.019
2207	2.956
2208	2.35
2209	1.867
2210	3.657
2211	4.305
2212	2.696
2213	2.272
2214	2.383
2215	2.608
2216	3.62
2217	4.21
2218	2.048
2219	2.048
2220	4.155
2221	3.514
2222	2.843
2223	2.26
2224	4.445
2225	3.743
2226	4.619
2227	2.449
2228	2.006
2229	1.401
2230	4.075
2231	4.141
2232	3.998
2233	4.091
2234	4.458
2235	3.678
2236	2.803
2237	3.42
2238	2.913
2239	4.645
2240	4.224
2241	3.061
2242	2.611
2243	2.884
2244	2.503
2245	2.477
2246	2.727
2247	3.793
2248	4.026
2249	4.207
2250	3.764
2251	4.332
2252	3.438
2253	1.862
2254	2.171
2255	4.186
2256	3.833
2257	4.693
2258	1.93
2259	2.168
2260	3.744
2261	3.717
2262	3.419
2263	2.202
2264	1.488
2265	1.591
2266	3.73
2267	2.293
2268	2.707
2269	2.19
2270	3.286
2271	3.934
2272	4.138
2273	2.644
2274	3.679
2275	2.716
2276	4.12
2277	1.837
2278	2.213
2279	4.192
2280	3.678
2281	2.931
2282	2.436
2283	3.86
2284	1.822
2285	1.723
2286	1.932
2287	3.744
2288	3.639
2289	3.058
2290	2.534
2291	2.562
2292	3.829
2293	3.465
2294	4.396
2295	3.845
2296	3.38
2297	4.1
2298	3.803
2299	3.754
2300	1.858
2301	2.312
2302	4.25
2303	4.287
2304	1.609
2305	1.608
2306	1.608
2307	2.299
2308	1.887
2309	2.273
2310	3.83
2311	4.653
2312	2.296
2313	3.091
2314	3.687
2315	3.945
2316	3.755
2317	4.095
2318	3.924
2319	1.484
2320	2.023
2321	1.479
2322	2.571
2323	2.387
2324	1.887
2325	2.349
2326	4.417
2327	3.786
2328	2.824
2329	4.002
2330	1.557
2331	1.613
2332	4.257
2333	3.408
2334	2.782
2335	2.166
2336	2.652
2337	2.793
2338	3.721
2339	2.068
2340	3.288
2341	2.028
2342	3.812
2343	4.119
2344	2.295
2345	2.229
2346	4.177
2347	4.059
2348	4.134
2349	4.096
2350	2.07
2351	2.144
2352	2.143
2353	3.833
2354	2.823
2355	4.384
2356	2.811
2357	3.513
2358	3.397
2359	3.922
2360	3.359
2361	4.253
2362	4.16
2363	3.322
2364	4.237
2365	4.146
2366	4.146
2367	3.798
2368	1.595
2369	2.331
2370	3.847
2371	3.781
2372	3.869
2373	4.706
2374	3.124
2375	3.286
2376	3.573
2377	4.668
2378	3.805
2379	3.699
2380	2.668
2381	2.515
2382	4.352
2383	4.3
2384	3.92
2385	4.163
2386	3.187
2387	2.947
2388	4.087
2389	4.619
2390	3.654
2391	4.645
2392	4.225
2393	4.328
2394	4.554
2395	4.662
2396	3.613
2397	2.895
2398	2.854
2399	3.491
2400	3.559
2401	3.072
2402	2.449
2403	4.214
2404	2.081
2405	1.491
2406	1.399
2407	1.994
2408	1.399
2409	4.215
2410	3.821
2411	2.532
2412	2.317
2413	4.136
2414	3.97
2415	3.786
2416	2.147
2417	2.616
2418	2.632
2419	4.49
2420	3.224
2421	2.037
2422	2.571
2423	2.25
2424	2.358
2425	3.638
2426	3.778
2427	2.531
2428	3.718
2429	3.51
2430	3.848
2431	2.119
2432	4.279
2433	3.701
2434	3.859
2435	4.323
2436	4.297
2437	3.485
2438	4.177
2439	3.664
2440	2.338
2441	3.832
2442	3.398
2443	4.025
2444	3.797
2445	3.435
2446	3.918
2447	4.136
2448	3.723
2449	4.292
2450	2.179
2451	3.368
2452	4.253
2453	3.73
2454	4.432
2455	2.564
2456	2.16
2457	2.588
2458	4.224
2459	3.755
2460	2.172
2461	2.378
2462	2.709
2463	4.099
2464	4.003
2465	2.7
2466	4.345
2467	2.723
2468	3.631
2469	1.657
2470	2.095
2471	3.174
2472	4.201
2473	3.718
2474	3.078
2475	2.397
2476	2.276
2477	2.003
2478	4.419
2479	4.201
2480	2.399
2481	3.702
2482	3.289
2483	4.253
2484	2.12
2485	2.09
2486	3.325
2487	2.17
2488	4.28
2489	3.459
2490	3.358
2491	3.236
2492	3.363
2493	4.177
2494	3.773
2495	3.755
2496	4.162
2497	3.493
2498	4.145
2499	3.791
2500	1.953
2501	1.729
2502	4
2503	4.108
2504	4.15
2505	4.137
2506	1.755
2507	1.998
2508	1.766
2509	4.668
2510	4.091
2511	2.075
2512	2.46
2513	2.809
2514	2.999
2515	4
2516	4.173
2517	2.245
2518	3.275
2519	3.314
2520	3.766
2521	3.31
2522	4.149
2523	2.393
2524	3.268
2525	2.402
2526	3.753
2527	3.975
2528	3.735
2529	1.886
2530	1.671
2531	1.683
2532	1.874
2533	4.261
2534	4.119
2535	4.014
2536	2.835
2537	2.782
2538	2.859
2539	3.778
2540	4.544
2541	3.75
2542	3.33
2543	4.189
2544	4.046
2545	3.481
2546	2.092
2547	3.202
2548	4.346
2549	3.993
2550	3.805
2551	4.144
2552	3.4
2553	3.489
2554	4.266
2555	2.539
2556	2.516
2557	4.098
2558	3.159
2559	3.032
2560	4.309
2561	3.952
2562	4.373
2563	4.306
2564	4.146
2565	4.431
2566	2.869
2567	4.465
2568	2.352
2569	2.792
2570	2.682
2571	2.763
2572	4.465
2573	3.829
2574	3.118
2575	3.122
2576	4.188
2577	4.101
2578	4.159
2579	4.107
2580	4.431
2581	3.161
2582	3.162
2583	2.792
2584	1.448
2585	1.605
2586	1.618
2587	1.604
2588	4.242
2589	3.81
2590	3.751
2591	3.648
2592	4.088
2593	3.776
2594	4.487
2595	3.646
2596	2.223
2597	2.036
2598	2.519
2599	4.069
2600	4.319
2601	2.027
2602	2.085
2603	2.09
2604	4.668
2605	4.23
2606	3.736
2607	3.434
2608	2.826
2609	4.202
2610	4.146
2611	1.39
2612	4.68
2613	4.123
2614	4.606
2615	4.554
2616	4.214
2617	3.229
2618	2.154
2619	2.308
2620	2.332
2621	1.794
2622	4.279
2623	4.11
2624	2.181
2625	2.277
2626	2.143
2627	1.787
2628	2.192
2629	4.668
2630	4.175
2631	3.442
2632	2.858
2633	4.159
2634	4.632
2635	2.188
2636	2.316
2637	4.473
2638	3.809
2639	4.486
2640	3.665
2641	4.472
2642	3.466
2643	4.163
2644	4.496
2645	3.404
2646	2.714
2647	3.733
2648	4.485
2649	3.847
2650	3.646
2651	3.311
2652	3.4
2653	3.805
2654	4.318
2655	3.257
2656	4.216
2657	3.866
2658	3.7
2659	3.879
2660	3.93
2661	4.263
2662	3.791
2663	1.487
2664	1.487
2665	4.554
2666	3.932
2667	3.766
2668	3.785
2669	4.016
2670	3.7
2671	3.817
2672	4.432
2673	2.557
2674	2.108
2675	1.941
2676	1.503
2677	3.865
2678	1.537
2679	1.615
2680	3.462
2681	3.738
2682	4.56
2683	4.644
2684	3.653
2685	3.173
2686	3.14
2687	4.547
2688	3.554
2689	3.777
2690	4.326
2691	3.777
2692	1.885
2693	1.739
2694	1.813
2695	4.558
2696	4.088
2697	3.543
2698	3.292
2699	3.253
2700	3.623
2701	4.574
2702	3.992
2703	3.24
2704	3.442
2705	3.511
2706	3.048
2707	3.275
2708	3.283
2709	3.895
2710	4.062
2711	4.43
2712	3.819
2713	3.989
2714	3.385
2715	4.557
2716	3.278
2717	3.063
2718	4.564
2719	3.653
2720	3.146
2721	2.381
2722	3.114
2723	4.202
2724	3.816
2725	3.203
2726	2.614
2727	3.355
2728	4.492
2729	2.9
2730	2.736
2731	2.966
2732	2.924
2733	4.506
2734	4.16
2735	2.141
2736	2.168
2737	4.529
2738	2.727
2739	2.574
2740	3.871
2741	3.813
2742	4.175
2743	4.151
2744	4.877
2745	4.011
2746	4.554
2747	3.848
2748	3.377
2749	3.927
2750	4.027
2751	3.916
2752	3.504
2753	3.784
2754	3.329
2755	4.582
2756	3.758
2757	4.48
2758	3.808
2759	3.708
2760	3.134
2761	3.189
2762	3.121
2763	4.035
2764	4.138
2765	4.363
2766	4.5
2767	4.22
2768	3.515
2769	3.392
2770	4.382
2771	4.134
2772	3.186
2773	3.717
2774	3.967
2775	3.338
2776	3.371
2777	4.294
2778	4.495
2779	3.756
2780	2.182
2781	1.789
2782	2.307
2783	4.124
2784	3.834
2785	3.924
2786	4.518
2787	4.096
2788	4.034
2789	3.074
2790	3.043
2791	3.029
2792	2.721
2793	2.463
2794	4.564
2795	4.634
2796	4.067
2797	3.503
2798	3.299
2799	3.416
2800	3.358
2801	4.557
2802	3.716
2803	2.685
2804	2.689
2805	2.248
2806	2.707
2807	3.199
2808	3.938
2809	2.88
2810	2.107
2811	2.835
2812	2.396
2813	3.836
2814	4.611
2815	3.743
2816	4.315
2817	3.833
2818	3.112
2819	4.474
2820	3.943
2821	3.135
2822	3.266
2823	4.323
2824	4.372
2825	3.161
2826	2.795
2827	2.72
2828	4.542
2829	3.812
2830	4.303
2831	3.632
2832	3.645
2833	4.56
2834	4.105
2835	4.06
2836	4.475
2837	3.377
2838	3.448
2839	4.18
2840	4.572
2841	3.938
2842	3.889
2843	3.046
2844	2.852
2845	2.81
2846	4.621
2847	4.574
2848	3.704
2849	3.379
2850	3.074
2851	3.918
2852	4.593
2853	3.884
2854	4.265
2855	3.762
2856	2.674
2857	3.022
2858	2.635
2859	4.384
2860	4.241
2861	4.056
2862	3.192
2863	3.23
2864	3.799
2865	4.573
2866	3.684
2867	3.734
2868	3.956
2869	4.356
2870	3.88
2871	4.558
2872	3.729
2873	4.015
2874	4.542
2875	3.774
2876	4.552
2877	3.807
2878	3.666
2879	3.413
2880	4.579
2881	3.896
2882	3.935
2883	3.603
2884	3.825
2885	4.557
2886	4.016
2887	2.842
2888	3.156
2889	3.223
2890	4.618
2891	4.544
2892	3.141
2893	3.129
2894	3.28
2895	4.349
2896	3.69
2897	2.66
2898	2.929
2899	4.567
2900	4.563
2901	3.27
2902	4.602
2903	3.901
2904	4.567
2905	2.51
2906	2.615
2907	4.094
2908	3.786
2909	3.01
2910	3.533
2911	3.159
2912	3.294
2913	4.581
2914	3.773
2915	3.546
2916	3.685
2917	3.29
2918	3.346
2919	3.632
2920	4.592
2921	2.969
2922	3.364
2923	3.779
2924	4.065
2925	2.855
2926	3.126
2927	4.478
2928	4.421
2929	4.567
2930	3.844
2931	4.538
2932	3.729
2933	3.818
2934	4.608
2935	4.297
2936	2.411
2937	4.283
2938	3.853
2939	4.283
2940	3.434
2941	2.772
2942	4.561
2943	4.944
2944	3.309
2945	3.317
2946	3.414
2947	3.446
2948	3.46
2949	2.989
2950	4.101
2951	3.759
2952	3.635
2953	3.229
2954	3.183
2955	3.807
2956	4.045
2957	3.972
2958	4.073
2959	4.171
2960	4.559
2961	4.152
2962	3.299
2963	3.226
2964	3.233
2965	4.504
2966	4.43
2967	4.379
2968	3.233
2969	3.328
2970	3.902
2971	4.583
2972	3.892
2973	3.198
2974	2.827
2975	4.59
2976	4.118
2977	3.851
2978	3.343
2979	3.167
2980	3.004
2981	4.307
2982	3.242
2983	3.372
2984	3.855
2985	4.518
2986	4.55
2987	3.283
2988	3.331
2989	3.137
2990	3.953
2991	4.298
2992	3.875
2993	3.068
2994	3.158
2995	3.308
2996	3.896
2997	3.459
2998	3.116
2999	3.275
3000	3.325
3001	4.254
3002	3.089
3003	3.647
3004	4.588
3005	3.298
3006	3.303
3007	4.131
3008	3.308
3009	3.33
3010	3.135
3011	3.068
3012	2.293
3013	2.739
3014	2.29
3015	2.386
3016	2.922
3017	2.975
3018	4.416
3019	3.666
3020	4.496
3021	2.966
3022	2.959
3023	4.149
3024	3.545
3025	3.558
3026	4.598
3027	3.914
3028	2.727
3029	2.44
3030	2.77
3031	4.079
3032	4.485
3033	4.155
3034	3.194
3035	3.537
3036	2.916
3037	4.561
3038	3.844
3039	3.896
3040	3.72
3041	3.775
3042	3.883
3043	3.96
3044	4.097
3045	3.352
3046	3.085
3047	4.004
3048	4.531
3049	4
3050	3.504
3051	4.556
3052	3.994
3053	4.488
3054	4.391
3055	3.874
3056	3.177
3057	4.579
3058	3.994
3059	3.163
3060	3.133
3061	3.106
3062	3.046
3063	3.651
3064	3.988
3065	3.167
3066	3.39
3067	3.493
3068	3.212
3069	3.01
3070	3.73
3071	3.787
3072	3.982
3073	3.634
3074	3.672
3075	3.29
3076	3.357
3077	3.125
3078	3.138
3079	3.938
3080	4.589
3081	3.186
3082	2.923
3083	4.068
3084	3.712
3085	4.577
3086	3.449
3087	3.558
3088	4.206
3089	4.299
3090	3.763
3091	2.75
3092	3.92
3093	4.527
3094	2.85
3095	4.539
3096	3.718
3097	2.639
3098	2.743
3099	3.765
3100	3.343
3101	3.999
3102	4.619
3103	4.065
3104	3.412
3105	3.752
3106	4.485
3107	3.194
3108	3.305
3109	4.56
3110	3.758
3111	3.053
3112	3.287
3113	3.339
3114	4.609
3115	2.895
3116	3.01
3117	4.478
3118	4.548
3119	3.776
3120	3.737
3121	3.907
3122	3.971
3123	3.59
3124	3.108
3125	3.25
3126	4.539
3127	3.986
3128	3.779
3129	3.233
3130	3.529
3131	3.691
3132	3.532
3133	3.813
3134	2.939
3135	3.031
3136	2.509
3137	2.568
3138	2.529
3139	4.57
3140	3.821
3141	3.96
3142	3.754
3143	3.453
3144	3.896
3145	2.435
3146	2.298
3147	3.844
3148	3.806
3149	4.482
3150	3.213
3151	3.369
3152	3.459
3153	3.83
3154	4.139
3155	4.14
3156	3.8
3157	3.423
3158	3.85
3159	4.358
3160	2.494
3161	2.481
3162	2.584
3163	2.92
3164	2.882
3165	4.597
3166	4.391
3167	3.847
3168	2.571
3169	2.317
3170	2.482
3171	4.68
3172	4.676
3173	3.868
3174	4.06
3175	3.817
3176	4.012
3177	2.145
3178	2.337
3179	2.402
3180	2.333
3181	4.149
3182	4.512
3183	3.67
3184	3.154
3185	3.334
3186	3.7
3187	3.834
3188	3.813
3189	3.996
3190	4.038
3191	4.124
3192	4.288
3193	3.17
3194	4.203
3195	3.456
3196	3.426
3197	4.61
3198	3.894
3199	4.094
3200	4.181
3201	3.823
3202	3.045
3203	3.092
3204	3.228
3205	3.774
3206	3.016
3207	2.827
3208	3.082
3209	3.703
3210	4.237
3211	3.913
3212	3.276
3213	3.593
3214	4.012
3215	3.329
3216	3.407
3217	3.322
3218	3.428
3219	3.773
3220	4.533
3221	3.966
3222	3.832
3223	3.87
3224	3.934
3225	4.066
3226	3.634
3227	3.776
3228	3.798
3229	4.557
3230	3.101
3231	4.237
3232	4.476
3233	3.759
3234	4.146
3235	3.282
3236	4.133
3237	3.911
3238	4.352
3239	3.516
3240	3.126
3241	4.095
3242	3.32
3243	4.482
3244	3.893
3245	3.21
3246	3.427
3247	3.682
3248	3.686
3249	4.473
3250	3.681
3251	3.785
3252	3.725
3253	3.772
3254	4.807
3255	3.761
3256	3.803
3257	3.025
3258	2.942
3259	4.028
3260	4.002
3261	3.759
3262	3.207
3263	3.408
3264	3.473
3265	3.512
3266	4.532
3267	2.878
3268	3.448
3269	3.735
3270	4.574
3271	4.009
3272	3.485
3273	3.329
3274	3.721
3275	3.692
3276	4.569
3277	3.384
3278	3.589
3279	3.864
3280	2.932
3281	3.022
3282	2.682
3283	2.712
3284	3.696
3285	3.256
3286	3.083
3287	4.618
3288	3.965
3289	4.022
3290	4.004
3291	4.185
3292	4.458
3293	3.255
3294	3.41
3295	2.77
3296	3.5
3297	3.609
3298	3.461
3299	2.624
3300	2.845
3301	2.907
3302	4.426
3303	3.814
3304	3.817
3305	3.107
3306	3.461
3307	3.171
3308	3.816
3309	4.611
3310	2.612
3311	3.458
3312	3.341
3313	4.139
3314	4.593
3315	3.871
3316	3.301
3317	3.264
3318	3.197
3319	2.968
3320	2.714
3321	4.572
3322	4.32
3323	3.598
3324	3.541
3325	3.277
3326	3.338
3327	4.172
3328	3.698
3329	3.296
3330	3.079
3331	4.043
3332	2.936
3333	3.712
3334	4.592
3335	4.2
3336	4.391
3337	4.061
3338	4.115
3339	4.31
3340	4.355
3341	3.755
3342	3.809
3343	4.019
3344	3.799
3345	3.807
3346	3.61
3347	3.885
3348	3.602
3349	4.015
3350	3.085
3351	3.01
3352	3.006
3353	4.597
3354	3.579
3355	3.911
3356	3.098
3357	3.241
3358	3.951
3359	3.855
3360	3.253
3361	3.236
3362	3.29
3363	4.495
3364	3.333
3365	3.295
3366	3.346
3367	4.129
3368	3.73
3369	3.477
3370	3.765
3371	3.776
3372	3.243
3373	4.688
3374	3.871
3375	3.553
3376	2.636
3377	3.377
3378	4.569
3379	3.813
3380	4.659
3381	3.881
3382	3.518
3383	3.855
3384	3.187
3385	3.924
3386	3.821
3387	4.635
3388	3.088
3389	2.958
3390	4.479
3391	3.902
3392	3.457
3393	3.466
3394	3.495
3395	4.001
3396	4.155
3397	3.991
3398	3.924
3399	3.774
3400	3.824
3401	4.504
3402	4.542
3403	3.942
3404	4.361
3405	3.243
3406	3.22
3407	3.271
3408	3.912
3409	3.76
3410	3.825
3411	3.783
3412	3.839
3413	3.974
3414	3.105
3415	2.797
3416	3.404
3417	3.774
3418	4.74
3419	3.435
3420	3.98
3421	3.519
3422	4.122
3423	4.655
3424	3.887
3425	3.313
3426	3.426
3427	3.017
3428	3.793
3429	4.416
3430	4.037
3431	3.129
3432	3.146
3433	4.499
3434	3.786
3435	3.876
3436	3.855
3437	3.696
3438	4.081
3439	3.502
3440	3.707
3441	3.243
3442	3.941
3443	4.441
3444	3.458
3445	3.87
3446	3.786
3447	3.89
3448	3.781
3449	4.159
3450	4.49
3451	3.086
3452	3.59
3453	3.545
3454	4.547
3455	4.603
3456	3.695
3457	3.778
3458	4.033
3459	4.299
3460	4.14
3461	3.149
3462	3.07
3463	3.12
3464	3.854
3465	4.284
3466	4.234
3467	3.5
3468	3.738
3469	4.494
3470	2.884
3471	2.674
3472	2.957
3473	2.793
3474	3.634
3475	3.447
3476	4.006
3477	3.888
3478	3.919
3479	3.831
3480	3.308
3481	3.628
3482	4.561
3483	3.181
3484	2.294
3485	2.147
3486	2.003
3487	2.307
3488	3.121
3489	3.166
3490	2.884
3491	3.141
3492	4.614
3493	3.784
3494	4.323
3495	3.259
3496	3.151
3497	3.129
3498	3.247
3499	4.157
3500	4.626
3501	3.351
3502	3.459
3503	3.155
3504	4.518
3505	4.375
3506	3.963
3507	4.004
3508	4.462
3509	3.783
3510	4.466
3511	4.376
3512	2.884
3513	3.025
3514	2.866
3515	2.906
3516	4.383
3517	3.069
3518	3.008
3519	2.626
3520	3.044
3521	4.486
3522	4.257
3523	4.14
3524	3.798
3525	3.472
3526	3.334
3527	3.217
3528	4.449
3529	2.79
3530	3.044
3531	3.005
3532	4.566
3533	4.061
3534	4.052
3535	4.016
3536	4.078
3537	4.177
3538	3.963
3539	3.301
3540	2.713
3541	4.179
3542	4.222
3543	4.106
3544	3.738
3545	3.576
3546	3.813
3547	4.175
3548	3.977
3549	4.105
3550	3.732
3551	3.596
3552	3.639
3553	3.762
3554	4.076
3555	3.273
3556	4.182
3557	3.788
3558	4.063
3559	4.16
3560	3.725
3561	3.829
3562	4.161
3563	4.23
3564	4.059
3565	2.965
3566	3.307
3567	3.219
3568	3.803
3569	4.111
3570	3.362
3571	3.635
3572	3.455
3573	3.822
3574	4.201
3575	4.045
3576	4.209
3577	2.677
3578	4.697
3579	3.686
3580	4.397
3581	2.57
3582	2.641
3583	3.708
3584	2.987
3585	3.983
3586	4.67
3587	3.445
3588	3.165
3589	4.13
3590	3.883
3591	3.123
3592	3.011
3593	3.22
3594	4.164
3595	4.184
3596	3.462
3597	3.263
3598	3.65
3599	4.469
3600	3.407
3601	3.586
3602	3.614
3603	3.428
3604	3.333
3605	3.903
3606	4.296
3607	3.252
3608	3.239
3609	3.182
3610	4.061
3611	2.232
3612	2.245
3613	4.16
3614	4.599
3615	2.862
3616	3.548
3617	4.201
3618	3.552
3619	3.509
3620	4.212
3621	4.054
3622	3.841
3623	3.343
3624	4.231
3625	3.879
3626	4.249
3627	4.042
3628	3.398
3629	3.385
3630	4.054
3631	4.141
3632	4.218
3633	4.145
3634	4.099
3635	2.773
3636	2.501
3637	4.169
3638	4.039
3639	4.031
3640	4.143
3641	3.914
3642	3.521
3643	3.875
3644	4.158
3645	4.104
3646	3.33
3647	3.4
3648	4.191
3649	4.155
3650	4.526
3651	3.94
3652	4.045
3653	4.429
3654	4.061
3655	3.403
3656	3.309
3657	3.346
3658	3.591
3659	3.401
3660	4.192
3661	4.075
3662	3.754
3663	4.056
3664	3.797
3665	3.713
3666	2.666
3667	2.776
3668	3.602
3669	4.182
3670	4.022
3671	3.126
3672	4.232
3673	3.25
3674	4.082
3675	4.146
3676	3.089
3677	3.886
3678	3.95
3679	4.193
3680	2.844
3681	2.845
3682	3.399
3683	3.504
3684	4.288
3685	3.723
3686	4.035
3687	4.104
3688	3.519
3689	3.654
3690	3.909
3691	3.805
3692	3.957
3693	3.967
3694	3.954
3695	3.997
3696	4.256
3697	4.248
3698	3.012
3699	3.007
3700	2.835
3701	4.163
3702	4.041
3703	4.172
3704	3.839
3705	4.19
3706	3.877
3707	3.151
3708	3.051
3709	2.699
3710	4.206
3711	4.214
3712	3.475
3713	3.37
3714	4.07
3715	4.145
3716	3.735
3717	3.32
3718	4.184
3719	4.117
3720	3.698
3721	3.446
3722	3.394
3723	3.596
3724	4.244
3725	3.118
3726	3.263
3727	2.988
3728	4.453
3729	4.062
3730	3.033
3731	3.584
3732	3.968
3733	4.216
3734	4.406
3735	3.316
3736	3.868
3737	4.143
3738	3.642
3739	3.327
3740	4.139
3741	2.961
3742	3.664
3743	4.165
3744	4.229
3745	2.573
3746	2.606
3747	4.193
3748	3.405
3749	2.888
3750	3.087
3751	4.314
3752	4.12
3753	3.88
3754	3.147
3755	3.118
3756	3.335
3757	3.164
3758	3.907
3759	4.197
3760	4.128
3761	3.64
3762	3.731
3763	4.19
3764	3.832
3765	3.897
3766	3.871
3767	4.163
3768	4.1
3769	3.819
3770	3.853
3771	3.793
3772	4.678
3773	3.246
3774	3.4
3775	3.686
3776	3.346
3777	3.437
3778	2.923
3779	4.2
3780	4.597
3781	3.312
3782	4.175
3783	2.802
3784	3.801
3785	3.923
3786	4.198
3787	4.084
3788	3.914
3789	4.1
3790	3.356
3791	3.096
3792	4.245
3793	4.113
3794	4.113
3795	3.097
3796	3.088
3797	3.853
3798	4.225
3799	3.271
3800	3.32
3801	4.322
3802	3.999
3803	3.778
3804	3.733
3805	4.22
3806	3.556
3807	3.491
3808	3.517
3809	3.385
3810	3.492
3811	4.188
3812	4.206
3813	3.925
3814	4.137
3815	3.019
3816	3.171
3817	3.032
3818	4.164
3819	3.83
3820	3.474
3821	3.334
3822	3.513
3823	3.397
3824	4.649
3825	4.015
3826	3.507
3827	3.453
3828	3.676
3829	3.737
3830	4.116
3831	4.173
3832	4.009
3833	4.142
3834	3.652
3835	3.691
3836	4.164
3837	4.135
3838	4.047
3839	3.856
3840	3.541
3841	4.139
3842	4.645
3843	2.775
3844	2.991
3845	2.781
3846	4.199
3847	3.558
3848	3.545
3849	3.498
3850	4.16
3851	3.966
3852	4.423
3853	3.534
3854	4.175
3855	4.085
3856	3.183
3857	3.422
3858	3.359
3859	3.422
3860	3.876
3861	4.577
3862	3.621
3863	3.115
3864	4.071
3865	3.539
3866	3.205
3867	3.181
3868	4.623
3869	3.962
3870	4.144
3871	3.296
3872	2.619
3873	3.43
3874	4.12
3875	3.74
3876	4.001
3877	3.237
3878	3.66
3879	4.22
3880	3.803
3881	4.056
3882	3.825
3883	3.995
3884	3.977
3885	4.188
3886	4.032
3887	3.208
3888	2.918
3889	4.638
3890	3.86
3891	3.138
3892	2.453
3893	3.374
3894	3.211
3895	4.159
3896	3.563
3897	3.38
3898	3.387
3899	3.498
3900	3.35
3901	3.324
3902	3.267
3903	3.005
3904	3.615
3905	3.265
3906	3.481
3907	3.914
3908	2.71
3909	2.715
3910	2.658
3911	4.158
3912	3.178
3913	3.23
3914	3.256
3915	4.018
3916	3.968
3917	2.844
3918	2.792
3919	2.779
3920	2.783
3921	4.291
3922	4.15
3923	4.052
3924	3.53
3925	4.161
3926	3.788
3927	4.088
3928	3.428
3929	4.185
3930	4.134
3931	3.477
3932	3.244
3933	3.854
3934	3.064
3935	3.757
3936	3.549
3937	3.626
3938	3.913
3939	4.178
3940	4.113
3941	3.944
3942	3.647
3943	3.785
3944	3.724
3945	4.224
3946	4.124
3947	3.855
3948	3.781
3949	3.368
3950	4.216
3951	3.92
3952	2.738
3953	2.667
3954	4.232
3955	3.442
3956	4.162
3957	4.138
3958	3.132
3959	3.545
3960	3.42
3961	4.069
3962	3.802
3963	3.506
3964	3.949
3965	4.057
3966	3.576
3967	3.916
3968	4.026
3969	4.172
3970	4.004
3971	4.241
3972	4.046
3973	4.207
3974	4.065
3975	3.537
3976	4.158
3977	3.627
3978	3.293
3979	3.94
3980	3.467
3981	3.504
3982	3.569
3983	4.058
3984	4.114
3985	4.605
3986	4.598
3987	4.072
3988	3.442
3989	3.287
3990	4.058
3991	3.557
3992	3.404
3993	4.112
3994	4.15
3995	3.968
3996	4.039
3997	2.32
3998	3.55
3999	3.157
4000	3.299
4001	4.182
4002	3.39
4003	2.766
4004	3.868
4005	4.077
4006	4.026
4007	3.166
4008	3.554
4009	2.769
4010	3.917
4011	3.513
4012	4.189
4013	3.595
4014	3.632
4015	3.459
4016	4.22
4017	3.983
4018	2.827
4019	2.658
4020	3.204
4021	4.185
4022	4.094
4023	3.947
4024	3.867
4025	4.036
4026	4.213
4027	4.032
4028	4.019
4029	3.386
4030	2.951
4031	2.899
4032	4.248
4033	3.998
4034	4.044
4035	3.655
4036	4.09
4037	3.87
4038	4.071
4039	3.298
4040	3.272
4041	3.355
4042	4.058
4043	3.4
4044	3.769
4045	4.151
4046	4.674
4047	3.258
4048	3.764
4049	3.88
4050	3.504
4051	4.071
4052	4.185
4053	3.899
4054	4.503
4055	2.803
4056	2.836
4057	2.909
4058	4.188
4059	2.877
4060	3.317
4061	4.623
4062	4.179
4063	3.204
4064	3.438
4065	3.236
4066	3.301
4067	4.374
4068	4.075
4069	3.705
4070	3.614
4071	4.059
4072	4.066
4073	4.415
4074	3.715
4075	3.875
4076	4.015
4077	3.474
4078	4.227
4079	4.067
4080	4.086
4081	3.359
4082	3.268
4083	3.255
4084	3.086
4085	4.005
4086	4.031
4087	3.717
4088	2.807
4089	4.241
4090	4.099
4091	2.777
4092	4.151
4093	4.1
4094	4.463
4095	3.867
4096	3.194
4097	3.348
4098	3.38
4099	4.23
4100	3.75
4101	2.838
4102	2.856
4103	2.665
4104	3.798
4105	3.013
4106	2.452
4107	2.619
4108	2.628
4109	3.728
4110	4.038
4111	3.931
4112	3.836
4113	4.237
4114	3.684
4115	4.208
4116	3.857
4117	3.9
4118	3.884
4119	4.147
4120	4.789
4121	2.641
4122	2.866
4123	2.81
4124	4.241
4125	3.965
4126	3.202
4127	3.993
4128	4
4129	4
4130	4.243
4131	2.837
4132	3.382
4133	4.694
4134	4.021
4135	4.201
4136	3.905
4137	3.137
4138	3.362
4139	4.235
4140	4.043
4141	3.958
4142	2.895
4143	2.868
4144	3.833
4145	4.11
4146	2.814
4147	4.162
4148	3.802
4149	4.119
4150	4.422
4151	3.827
4152	3.63
4153	4.176
4154	4.111
4155	4.214
4156	4.02
4157	4.176
4158	4.217
4159	4.084
4160	2.473
4161	2.609
4162	3.989
4163	3.389
4164	3.049
4165	2.921
4166	2.671
4167	2.814
4168	4.155
4169	4.06
4170	3.703
4171	3.072
4172	4.081
4173	4.352
4174	2.807
4175	4.124
4176	3.799
4177	4.033
4178	3.174
4179	3.204
4180	3.313
4181	3.39
4182	2.873
4183	3.265
4184	3.395
4185	3.599
4186	2.666
4187	4.214
4188	4.1
4189	2.9
4190	2.758
4191	2.85
4192	2.78
4193	4.263
4194	3.621
4195	3.519
4196	3.832
4197	4.071
4198	2.901
4199	2.771
4200	4.062
4201	4.172
4202	4.056
4203	3.136
4204	3.61
4205	3.398
4206	3.46
4207	3.929
4208	4.205
4209	4.05
4210	3.547
4211	2.975
4212	2.92
4213	4.172
4214	4.157
4215	4.11
4216	4.301
4217	3.869
4218	2.494
4219	2.849
4220	2.888
4221	4.164
4222	3.864
4223	4.654
4224	3.616
4225	4.164
4226	3.029
4227	3.583
4228	4.117
4229	4.145
4230	3.632
4231	4.117
4232	3.502
4233	2.847
4234	3.941
4235	4.217
4236	3.79
4237	4.067
4238	3.659
4239	4.143
4240	3.537
4241	4.081
4242	3.428
4243	2.994
4244	3.26
4245	4.228
4246	4.151
4247	3.877
4248	4.021
4249	3.485
4250	3.607
4251	3.581
4252	3.884
4253	3.051
4254	2.746
4255	4.216
4256	4.14
4257	2.918
4258	3.033
4259	2.88
4260	3.512
4261	3.733
4262	3.992
4263	3.137
4264	3.635
4265	4.05
4266	4.165
4267	4.139
4268	2.951
4269	2.926
4270	4.105
4271	4.034
4272	3.364
4273	4.225
4274	4.045
4275	3.29
4276	3.092
4277	4.084
4278	3.707
4279	3.856
4280	3.633
4281	4.112
4282	4.006
4283	3.974
4284	2.75
4285	2.647
4286	2.902
4287	3.952
4288	4.208
4289	4.118
4290	2.829
4291	3.752
4292	4.14
4293	3.77
4294	3.68
4295	4.065
4296	4.194
4297	3.991
4298	3.967
4299	4.133
4300	4.107
4301	4.094
4302	4.026
4303	4.031
4304	3.523
4305	3.606
4306	3.789
4307	4.11
4308	4.148
4309	4.11
4310	3.365
4311	3.314
4312	3.422
4313	3.315
4314	2.764
4315	3.472
4316	2.8
4317	3.372
4318	2.965
4319	3.031
4320	2.883
4321	4.209
4322	3.735
4323	3.885
4324	3.473
4325	3.59
4326	4.198
4327	3.762
4328	3.006
4329	4.187
4330	3.829
4331	4.237
4332	4.114
4333	4.055
4334	4.08
4335	3.994
4336	3.86
4337	4.156
4338	3.814
4339	4.176
4340	4.107
4341	2.711
4342	2.871
4343	4.128
4344	4.161
4345	3.557
4346	3.492
4347	3.506
4348	4.226
4349	3.824
4350	3.907
4351	3.575
4352	3.837
4353	3.179
4354	2.961
4355	4.146
4356	4.233
4357	3.395
4358	4.152
4359	4.387
4360	3.293
4361	3.248
4362	3.108
4363	3.123
4364	4.044
4365	4.209
4366	4.131
4367	3.331
4368	2.963
4369	3.006
4370	3.003
4371	3.36
4372	4.115
4373	3.58
4374	3.502
4375	4.077
4376	4.096
4377	3.434
4378	3.333
4379	3.012
4380	2.937
4381	4.142
4382	4.09
4383	2.968
4384	3.02
4385	4.047
4386	3.778
4387	3.616
4388	4.133
4389	3.62
4390	3.529
4391	3.62
4392	4.2
4393	4.132
4394	2.746
4395	2.508
4396	1.453
4397	1.912
4398	1.322
4399	1.904
4400	1.188
4401	1.493
4402	1.328
4403	1.203
4404	1.52
4405	1.412
4406	1.383
4407	1.792
4408	1.844
4409	1.832
4410	1.215
4411	2.325
4412	1.258
4413	1.441
4414	1.621
4415	1.434
4416	1.468
4417	1.394
4418	1.337
4419	1.213
4420	1.339
4421	1.382
4422	1.454
4423	1.356
4424	1.407
4425	1.285
4426	1.354
4427	1.215
4428	1.555
4429	1.477
4430	1.468
4431	1.35
4432	1.325
4433	1.365
4434	1.458
4435	1.4
4436	1.275
4437	1.396
4438	1.374
4439	1.967
4440	1.301
4441	1.495
4442	1.427
4443	1.875
4444	1.615
4445	1.298
4446	1.348
4447	1.406
4448	1.442
4449	1.379
4450	1.208
4451	1.456
4452	1.495
4453	1.37
4454	1.459
4455	1.282
4456	1.49
4457	1.898
4458	1.176
4459	1.161
4460	1.388
4461	1.168
4462	1.362
4463	1.503
4464	1.351
4465	1.209
4466	1.401
4467	1.444
4468	1.391
4469	1.15
4470	1.374
4471	1.404
4472	1.299
4473	1.362
4474	2.122
4475	1.579
4476	1.303
4477	1.147
4478	1.838
4479	1.35
4480	2.121
4481	1.317
4482	1.48
4483	1.302
4484	2.875
4485	1.438
4486	1.282
4487	1.382
4488	1.404
4489	1.363
4490	1.315
4491	1.182
4492	1.399
4493	1.969
4494	1.15
4495	2.052
4496	1.291
4497	1.256
4498	1.375
4499	1.275
