5.000
3.250
3.250
4.000
3.250
4.000
3.333
4.750
0.500
4.750
3.750
4.000
1.500
2.500
4.250
3.500
4.250
5.000
3.750
2.750
3.500
3.500
3.500
4.250
2.750
2.250
3.750
3.000
2.750
2.500
2.250
2.500
3.500
1.250
0.000
2.000
0.750
4.250
0.000
4.000
3.250
4.333
5.000
3.500
4.750
3.000
3.000
3.750
2.750
2.250
2.500
4.250
4.000
4.500
3.750
3.250
4.250
3.750
1.000
1.000
3.750
4.000
2.750
3.750
1.500
3.250
4.000
4.500
2.000
1.500
4.000
3.750
2.333
2.500
4.500
3.000
2.750
3.000
3.000
1.750
4.000
4.000
3.750
0.500
2.500
1.500
2.800
3.400
0.000
1.600
4.000
3.250
3.500
3.500
2.500
2.250
3.333
2.250
3.250
4.000
3.750
3.500
5.000
0.500
3.500
2.000
2.500
3.500
3.250
4.500
2.750
3.250
2.000
4.000
0.750
2.500
4.250
2.000
2.250
2.750
3.500
2.250
4.000
2.000
0.750
4.000
3.500
2.000
2.500
2.500
4.000
2.750
2.250
3.500
1.000
4.500
2.500
2.500
2.750
3.750
4.000
3.750
1.750
0.750
2.750
4.500
3.750
3.500
3.750
4.000
2.200
3.200
2.800
2.800
4.500
2.000
1.000
2.750
3.750
4.250
2.250
3.500
0.500
3.250
0.000
2.000
2.250
2.250
4.000
3.000
3.500
3.250
4.000
0.500
1.750
4.000
3.250
3.000
4.250
2.750
3.000
3.750
2.000
1.600
1.000
3.800
2.250
3.000
1.750
1.750
3.400
4.000
4.400
2.600
2.250
2.750
3.250
2.750
4.500
3.250
4.250
2.000
3.250
2.750
3.750
2.250
3.250
3.750
3.750
3.750
1.500
3.750
3.000
3.500
3.500
3.250
4.000
4.750
3.750
3.750
2.500
2.250
3.667
3.750
3.250
4.000
4.000
1.250
4.500
4.250
3.250
2.500
4.250
3.000
2.250
3.000
2.250
3.333
2.750
0.000
4.750
2.000
3.000
4.500
0.750
2.000
3.750
3.750
4.750
0.500
5.000
4.750
3.250
4.500
4.750
4.500
4.750
3.000
2.500
4.500
3.750
2.500
3.500
4.750
4.500
4.000
4.000
4.000
4.750
4.250
3.500
3.750
4.500
4.000
4.000
5.000
3.500
4.250
4.000
4.250
4.250
4.500
4.000
5.000
5.000
3.333
2.750
3.500
2.000
4.000
3.500
4.750
3.500
4.000
3.500
3.750
4.750
4.500
4.000
3.500
3.000
3.000
4.750
4.250
4.250
5.000
5.000
4.750
4.750
5.000
3.250
4.500
5.000
4.500
4.250
3.750
4.000
3.500
4.250
4.750
4.000
3.000
3.500
3.750
4.500
4.000
3.250
4.750
4.250
4.000
5.000
4.750
4.250
4.250
4.750
4.000
4.000
5.000
3.000
3.250
4.750
4.000
2.250
3.750
4.250
4.750
3.750
4.750
4.750
4.000
3.500
4.500
3.250
3.500
3.750
4.000
3.750
4.000
3.750
3.750
4.500
4.000
3.750
4.000
3.500
1.750
3.750
4.000
3.500
3.000
5.000
4.750
5.000
4.750
2.750
4.500
3.750
4.750
4.250
3.500
4.500
4.250
4.000
4.250
4.250
3.750
4.500
3.250
3.250
4.500
4.500
4.250
4.000
3.250
4.000
4.250
4.250
3.500
3.500
4.500
3.750
3.750
4.500
4.750
4.250
3.750
4.500
3.500
4.000
3.750
4.500
4.500
4.000
4.750
2.500
3.750
3.500
4.500
4.000
4.000
4.250
3.750
2.250
3.000
4.500
4.000
4.750
4.750
4.667
4.000
4.333
4.667
4.667
4.333
4.250
4.000
4.250
4.750
3.750
3.250
3.500
4.250
4.000
3.250
5.000
4.000
3.500
3.000
4.000
4.000
4.000
4.000
4.000
4.750
4.750
4.000
4.500
4.000
3.000
3.750
3.750
5.000
3.500
4.500
5.000
4.750
3.750
5.000
4.250
4.750
4.500
3.750
4.750
4.000
3.500
4.000
4.000
3.750
4.000
4.500
5.000
4.250
4.250
4.500
3.500
3.750
2.750
2.750
3.250
3.250
4.500
3.750
3.000
3.500
4.750
3.500
4.750
4.750
4.500
4.250
4.750
4.750
4.750
5.000
3.750
5.000
4.750
4.250
5.000
5.000
5.000
4.000
5.000
5.000
4.000
5.000
5.000
4.000
3.750
3.750
3.250
5.000
5.000
5.000
4.000
5.000
3.500
4.000
3.750
4.250
4.500
4.750
5.000
5.000
5.000
5.000
4.750
4.250
4.000
5.000
3.750
4.500
4.750
5.000
5.000
4.250
5.000
5.000
5.000
5.000
5.000
5.000
5.000
4.750
4.750
4.750
5.000
5.000
4.400
4.800
4.600
4.600
3.500
3.500
4.750
4.250
3.750
5.000
5.000
5.000
4.500
4.250
4.750
4.250
4.000
4.000
3.750
4.000
5.000
5.000
4.250
5.000
4.750
4.250
5.000
5.000
4.750
5.000
5.000
5.000
4.333
3.750
4.250
4.750
5.000
4.000
5.000
4.500
3.667
3.667
4.333
5.000
4.500
4.000
4.750
4.500
5.000
5.000
4.500
5.000
4.333
5.000
5.000
5.000
4.750
4.500
5.000
4.750
5.000
5.000
4.500
5.000
4.250
4.750
4.500
5.000
4.000
5.000
5.000
4.750
4.000
4.500
4.500
4.500
5.000
4.000
4.250
5.000
3.750
4.750
4.750
4.000
4.250
4.250
4.500
4.250
4.250
4.500
4.750
3.750
4.500
4.500
4.750
4.500
4.000
5.000
4.500
4.500
5.000
3.750
3.750
5.000
4.250
4.750
4.250
4.500
4.750
4.000
5.000
4.750
5.000
4.250
4.750
5.000
4.500
4.500
5.000
3.250
5.000
5.000
5.000
5.000
5.000
4.750
4.750
4.750
4.250
4.000
4.750
4.500
5.000
5.000
5.000
4.250
4.000
4.500
4.500
5.000
3.750
5.000
4.500
4.750
5.000
4.250
4.250
5.000
4.500
3.500
4.000
5.000
4.500
5.000
4.250
5.000
4.600
5.000
4.400
5.000
4.750
5.000
5.000
5.000
4.250
4.750
5.000
5.000
4.250
4.250
5.000
4.750
3.250
5.000
4.750
4.750
4.250
4.750
4.750
4.250
4.500
4.000
4.500
3.250
4.500
4.250
4.500
4.250
3.500
4.500
5.000
3.750
0.8
3
3.8
2.2
3.8
2.6
0.6
0.2
1
3.2
0.4
4
1.6
0
0
4.4
3
1.6
4.6
4.2
3.4
0.2
0.6
2.4
0.8
4
0
3.8
0.2
4
4.2
2
0.8
4.4
0.8
4.2
0.6
0
4.8
0
1.4
3
4
0.4
4.6
1
4.2
5
3.5
2.25
4.8
4.4
0
0
0
4.8
3.6
0.75
0
0.4
0.4
0.4
0.4
0.4
0
0
3.6
0.6
3.8
3.4
0.8
0.8
4.5
0.8
3.8
1.2
0.2
4
3.8
1.2
4.6
3.8
4.8
1
3.4
1.4
0
3.8
2.6
0.6
0.6
0.6
1.2
0.4
0
4.4
1.4
4
4.8
4
4.6
4.6
2.6
0.2
0.2
2
0
0
3.4
4.2
1.2
0.2
4.2
0.2
0.4
4.2
3.4
0.4
4
2.2
2.8
0.6
0.75
4.8
2.8
0
0
0.6
0.4
0.4
0.4
0.8
1
4
1.6
2.4
4.6
2.2
3.8
0.4
0.2
1.4
4.6
3.8
0.2
0.6
0.4
0.4
0.2
0
4.2
0.2
3.4
5
0.4
2.8
4
3.8
0.2
4.6
0.6
4.4
2.6
3.8
0.4
1
3.2
4.8
0.6
3.2
0.6
0
1.4
0.4
3.2
1.8
0.2
2.4
4
1
3.6
4.4
0.6
0
4.2
4.4
1
0.8
4.4
4.2
0.2
0.4
0
4.8
0
0.4
3.8
4.6
2.6
3.2
0
4.4
4.2
0.2
4
0
0
3.8
3.8
4.2
4.2
4
4.2
0.2
4.8
1
0.8
3.2
3.8
0.4
4.8
3.6
4.4
0.2
3
0.4
0.2
3.6
0
1.4
3.6
3.8
1
0.4
0.6
0
0.6
2.8
1.6
4.2
4.2
4.2
0
0.8
3.2
0.8
4.2
3
0
4.6
3.6
0.6
0
0.2
3.8
1.4
1.8
5
4.4
4.8
4.2
3.4
0
0.2
4.66666666666667
3.2
2.8
2
4
0.8
4.2
3.6
4.4
4.2
2.4
3.2
5
2
1.2
0.2
3.8
4.8
0.4
4.4
1.2
0.4
0.2
4.6
4.6
0.2
4.6
2.4
0.4
4.2
2.6
2.2
4.2
4.6
4.2
4.2
3.8
0.75
0.4
2.6
4.4
0
4.4
4
0.8
0.2
0.6
3.6
0.2
0.4
3.75
0.6
0.8
3.8
3.8
4.4
0.2
4.6
3
0
0.4
4
4
2.8
0.2
1.8
4
0.6
1.6
3.8
0.8
4
1
3.2
0.4
4.2
4.4
4.4
0
1.4
3.4
4.8
4
0.2
3.8
0
0
3.6
0.2
4.2
0.2
4.6
0.6
0.6
3.8
0.4
1.8
0.6
4.4
4.4
1.2
1.6
1.8
0
0.4
4.8
0
2.4
0
4.4
3.8
0.6
3.6
4.6
4
0.8
2.4
4.4
3.2
4.4
3
0.8
4.8
0.2
3.6
4.6
0.4
3.8
0.6
5
4
3.8
4.2
4
0
4.4
0
2
0.2
0.2
2.8
0.6
3.8
4
4
2.2
3.8
0
0.4
1.2
5
0
4.4
1
4.2
3.8
2.8
0.2
0.2
3.8
0.2
3.8
4.2
3.8
2.2
3.4
4
4.8
1.8
0.8
4.4
1.2
1.2
0.6
4.6
0.6
0.2
4.4
1.4
0.8
4.8
4.4
1
3
4
3.8
4
0.6
1.6
1.8
0.6
4
0
2
4.2
4
0.6
0
4.8
0.2
0
1.8
3.2
5
2.8
4.4
2.6
0.8
2.6
1.4
3.4
3.8
0
4.4
3
3.8
0.8
0.4
0
0.4
0.2
4.4
1.6
3.2
4.2
4
1.4
4.6
4.2
4
2.8
3.6
4.2
0.6
3.6
0.2
2.4
0
0.2
1
3.6
0.2
1
0.6
3.8
4.6
0.6
0.4
0.4
0.6
4
4.2
4.4
4.8
4
3
0.6
4.4
0
4
4
3.2
0.6
1.6
0.2
4
3.4
3.2
0.2
0
4.4
4.25
4
0.4
3.6
0
3.8
0
2.2
4.6
0.6
3.2
4.6
4.4
1.8
4.6
1.4
0
3.8
4.6
2.4
0.8
4
1.4
0
0.4
3.8
