pair_ID	relatedness_score
1	4.122
2	3.806
3	3.71
5	3.176
9	3.293
12	3.598
14	3.172
18	3.084
25	2.746
26	2.964
28	3.173
30	4.364
35	3.185
40	3.272
42	3.8
44	4.334
45	3.806
47	2.934
49	3.017
55	4.254
56	4.157
58	3.517
62	3.598
65	3.72
70	4.057
72	3.716
73	4.074
77	4.022
78	4.037
79	3.763
81	2.833
82	2.943
83	2.793
84	3.037
85	2.745
87	4.057
88	3.929
90	3.881
91	3.249
93	2.754
94	2.733
97	2.669
98	4.367
99	4.206
100	4.235
107	3.811
112	2.481
113	2.697
117	2.597
120	3.913
122	4.171
124	2.99
126	2.978
127	2.622
129	4.253
130	3.964
131	3.838
133	4.123
136	2.883
139	3.22
140	4.588
141	3.774
146	3.212
148	3.065
150	3.806
159	4.142
161	3.742
163	3.135
164	3.195
170	4.222
173	3.024
176	2.945
183	3.709
184	2.995
186	3.244
188	3.085
192	4.206
194	3.886
200	4.138
201	3.848
202	4.17
205	3.129
215	3.123
216	2.865
217	2.947
223	3.337
224	3.151
226	3.201
227	3.228
232	3.88
233	4.19
234	2.746
237	2.846
238	2.678
240	4.006
241	4.189
248	3.534
249	2.959
254	3.806
256	3.983
257	2.914
258	2.875
259	3.024
260	2.888
265	4.025
266	3.832
269	3.469
272	3.284
273	4.205
276	3.768
277	2.798
279	3.299
283	3.832
286	2.717
287	3.566
289	3.167
291	4.041
293	4.303
296	2.71
301	3.758
302	4.094
303	4.253
305	3.309
309	3.18
310	3.373
311	4.237
312	3.864
313	4.3
315	3.822
323	4.025
327	2.673
329	2.624
331	3.822
332	3.816
333	4.038
335	3.694
338	2.366
339	3.368
340	4.351
341	3.848
342	3.613
344	3.864
346	2.935
347	3.034
351	4.316
354	4.09
358	3.261
360	3.05
361	3.269
362	4.319
363	3.8
366	3.592
367	3.276
370	3.618
372	3.902
373	3.886
374	4.043
375	3.709
377	3.036
378	2.763
379	2.964
380	2.718
381	2.944
387	3.79
390	3.993
391	4.353
392	3.951
393	3.909
395	3.929
396	2.935
397	2.946
398	3.078
403	3.961
404	4.009
409	2.411
410	2.854
413	3.661
415	4.158
422	3.945
423	3.768
427	3.426
428	3.1
434	4.251
435	4.006
436	3.981
438	2.667
439	2.936
440	3.102
441	3.035
442	3.473
446	4.109
447	3.141
449	2.974
451	2.857
454	3.87
457	3.18
461	2.99
462	3.336
465	4.009
470	3.119
473	4.27
475	3.957
476	3.896
477	3.325
484	4.221
485	4.077
486	3.731
489	3.233
491	4.369
494	4.353
496	3.303
497	3.089
499	2.713
500	2.686
505	4.332
506	3.886
507	3.893
508	3.261
513	2.922
514	3.52
515	4.09
516	3.774
522	3.116
524	3.909
527	3.1
528	4.07
529	3.124
531	4.086
535	2.955
538	2.648
541	4.383
542	3.854
545	3.897
548	2.953
550	3.196
551	3.003
552	2.956
555	3.666
556	3.716
557	4.364
560	3.361
561	3.343
564	3.061
565	2.976
568	4.058
570	4.319
581	4.139
586	3.666
587	3.861
588	3.861
597	2.981
599	3.168
601	4.157
603	4.38
604	4.19
605	3.845
606	3.113
609	2.928
611	2.871
617	4.093
621	2.856
622	3.338
625	3.324
626	3.951
628	3.693
629	4.367
631	3.752
632	3.308
634	2.505
637	2.93
638	3.276
641	3.813
643	3.941
645	3.384
646	2.905
648	3.348
649	2.739
650	2.7
653	4.235
655	4.351
657	3.97
660	2.914
661	3.87
663	3.194
668	3.864
671	2.997
672	2.76
676	4.079
678	3.618
679	4.335
680	3.919
685	3.119
690	4.142
691	3.693
692	4.095
693	3.886
696	3.057
697	3.117
699	2.996
702	4.332
703	4.235
704	4.171
709	3.169
715	3.55
722	3.033
723	3.138
725	3.198
727	3.832
728	4.155
729	4.186
730	3.8
731	3.3
732	3.057
733	3.211
734	3.104
735	3.017
736	3.125
737	4.367
738	4.287
741	4.254
745	2.683
746	2.915
747	3.015
748	2.7
749	2.854
752	4.367
754	3.666
757	3.07
760	3.693
761	4.139
762	4.27
764	3.159
766	3.185
769	3.021
772	4.319
774	3.961
777	2.814
783	4.139
784	4.3
785	4.219
789	3.189
791	3.181
792	2.916
793	3.528
796	4.303
797	3.709
799	2.987
802	2.87
804	3.149
811	2.802
812	2.899
813	2.779
820	3.758
822	2.891
824	2.785
825	2.811
830	4.335
831	3.913
836	3.261
839	3.293
841	3.806
844	4.233
845	4.266
846	2.598
848	2.501
851	2.723
852	2.714
855	3.565
857	4.19
858	4.284
859	3.976
862	3.684
864	3.881
866	4.203
867	4.383
868	3.758
869	4.219
870	3.394
872	3.187
874	3.181
876	3.678
878	3.945
879	3.37
880	4.102
881	3.913
883	3.305
887	3.141
888	3.266
889	3.127
892	4.348
893	4.043
895	3.045
898	3.294
902	3.999
904	3.854
906	3.171
908	3.571
909	3.303
910	3.534
915	4.028
917	3.204
920	3.227
922	3.202
927	3.848
931	3.314
932	2.784
935	3.742
936	3.797
940	3.215
943	3.302
944	2.98
945	2.895
948	3.945
949	3.806
950	4.334
953	3.421
956	3.389
957	2.471
959	3.389
960	4.095
961	3.725
962	3.213
963	4.316
967	3.21
970	2.998
973	4.102
975	3.72
978	3.661
979	3.179
984	3.052
985	3.132
989	4.399
991	3.709
994	2.812
996	2.816
998	2.745
1000	3.958
1002	3.951
1004	3.019
1007	3.084
1008	4.351
1009	4.115
1010	3.485
1016	3.045
1018	3.054
1019	3.003
1021	4.399
1022	4.009
1026	3.237
1028	3.214
1029	3.064
1031	3.294
1033	3.961
1037	3.829
1038	3.027
1043	2.77
1044	3.077
1045	4.102
1046	3.832
1047	3.854
1048	4.351
1049	3.918
1050	3.629
1052	2.939
1053	1.743
1054	2.947
1055	2.762
1057	2.945
1061	4.303
1064	3.229
1065	3.447
1068	3.172
1069	3.114
1074	3.977
1076	3.974
1080	3.298
1082	4.332
1083	3.854
1084	3.925
1087	3.813
1088	3.989
1090	3.349
1091	3.99
1092	3.861
1093	3.278
1094	4.022
1095	4.383
1097	3.72
1099	3.629
1104	1.673
1105	1.695
1108	3.704
1109	4.041
1111	2.46
1112	2.452
1115	2.624
1117	4.006
1118	3.742
1120	3.693
1122	3.79
1128	4.203
1129	4.286
1133	3.022
1135	1.884
1145	1.685
1147	1.624
1149	3.629
1153	3.105
1154	3.7
1155	3.281
1157	4.286
1161	3.256
1162	3.338
1165	3.501
1167	3.838
1169	3.806
1175	3.508
1179	2.508
1180	2.42
1182	2.576
1184	4.319
1188	4.122
1191	3.79
1193	3.951
1194	3.736
1195	4.348
1196	3.666
1200	3.725
1202	3.614
1205	4.237
1206	3.935
1207	3.816
1212	2.799
1213	2.887
1214	2.949
1215	4.189
1219	3.143
1221	3.646
1222	3.471
1227	3.709
1228	3.693
1230	3.207
1239	3.019
1240	3.262
1242	3.908
1244	3.677
1246	2.138
1248	3.002
1249	2.621
1251	4.269
1255	2.827
1259	3.308
1268	3.264
1270	3.774
1271	2.952
1273	2.576
1274	2.683
1275	2.881
1276	2.509
1280	3.973
1282	2.775
1283	2.584
1284	3.469
1287	4.27
1291	3.696
1292	3.924
1293	3.79
1294	3.629
1297	3.742
1303	2.804
1305	2.489
1308	3.819
1311	3.773
1317	1.758
1318	4.122
1319	3.961
1321	3.33
1326	3.961
1328	3.742
1329	3.929
1335	3.297
1336	3.797
1341	3.8
1342	4.025
1344	3.646
1345	3.435
1346	3.989
1350	3.864
1352	1.894
1354	1.885
1355	3.614
1358	3.601
1359	4.012
1361	4.187
1365	2.715
1368	3.774
1371	3.854
1372	3.373
1373	4.006
1376	3.918
1378	4.604
1379	4.189
1380	3.271
1381	3.566
1384	3.694
1385	4.286
1386	3.961
1387	4.253
1388	3.709
1389	2.747
1399	2.74
1403	4.604
1404	4.318
1405	3.237
1407	2.141
1408	1.672
1409	1.582
1414	4.025
1415	3.806
1417	4.149
1419	3.566
1421	4.141
1427	2.443
1429	2.493
1431	3.8
1432	4.221
1434	3.056
1435	3.155
1438	4.028
1444	3.709
1446	2.639
1448	4.64
1453	1.634
1455	1.641
1458	3.677
1461	1.8
1463	1.764
1464	1.728
1466	4.334
1467	4.189
1473	2.241
1474	2.236
1476	3.485
1479	4.157
1480	3.848
1481	3.822
1482	3.517
1483	4.286
1484	4.243
1486	3.913
1488	3.634
1489	3.829
1494	3.87
1498	3.973
1499	4.269
1501	4.041
1504	4.3
1505	4.141
1509	3.061
1511	4.025
1513	3.87
1514	3.996
1517	1.583
1519	1.634
1521	3.726
1523	4.044
1524	3.742
1527	3.048
1531	4.253
1532	3.742
1534	1.648
1535	1.777
1536	1.777
1538	4.205
1541	3.639
1545	2.746
1547	4.318
1549	3.961
1550	3.742
1551	3.534
1552	2.98
1553	3.742
1557	4.125
1558	4.587
1559	3.806
1563	3.742
1565	4.286
1566	3.816
1570	3.742
1573	1.683
1574	2.806
1575	2.789
1576	2.806
1580	4.038
1582	3.067
1585	2.868
1586	3.535
1587	4.195
1588	3.848
1591	2.963
1592	2.602
1595	3.217
1599	3.784
1601	3.237
1604	3.427
1606	3.363
1607	3.71
1609	3.684
1610	4.367
1612	3.726
1614	4.335
1615	3.501
1618	4.334
1621	3.832
1625	2.554
1626	2.528
1627	3.334
1629	2.84
1631	3.945
1632	2.985
1635	1.699
1639	3.004
1640	4.286
1641	3.832
1643	4.334
1646	3.662
1647	3.758
1648	3.822
1649	3.854
1650	3.709
1651	3.645
1652	4.253
1653	4.302
1655	3.758
1657	3.768
1659	3.091
1660	4.179
1661	3.344
1663	4.227
1668	4.025
1669	4.571
1670	1.703
1671	1.841
1673	1.574
1675	2.622
1677	3.694
1680	4.348
1682	3.962
1687	4.004
1691	3.848
1694	3.774
1697	3.133
1700	3.11
1702	3.256
1705	4.571
1706	4.125
1707	2.423
1708	2.49
1712	4.656
1714	3.774
1715	4.186
1716	3.897
1719	4.17
1721	3.97
1723	4.221
1724	3.912
1729	2.471
1733	2.407
1736	4.259
1741	1.594
1747	4.189
1751	3.484
1753	3.87
1755	3.752
1756	3.516
1757	3.9
1759	3.245
1765	4.35
1766	3.864
1771	3.288
1772	2.975
1773	2.89
1776	2.805
1777	3.163
1780	4.286
1781	3.79
1782	4.125
1783	3.662
1784	3.363
1787	3.157
1789	4.334
1791	3.566
1792	3.854
1798	3.309
1808	2.618
1809	2.87
1812	2.987
1814	3.784
1815	2.89
1818	3.174
1820	2.972
1822	1.874
1823	1.822
1825	1.874
1829	4.041
1830	3.816
1832	2.569
1840	3.877
1841	2.892
1842	4.303
1844	1.614
1846	1.621
1849	1.643
1851	3.909
1852	3.232
1853	3.951
1854	3.256
1866	1.868
1869	2.934
1873	4.141
1874	2.939
1876	3.822
1878	3.875
1879	2.887
1882	2.897
1884	3.301
1886	3.913
1887	3.957
1888	4.334
1892	3.024
1894	3.63
1897	3.521
1898	3.961
1904	2.432
1907	1.564
1908	2.463
1909	4.106
1910	3.326
1912	4.286
1918	2.471
1919	2.45
1921	2.557
1927	3.445
1934	1.863
1935	4.364
1936	3.902
1939	2.469
1940	1.571
1942	2.426
1943	2.469
1946	4.367
1948	2.622
1949	1.619
1954	3.88
1955	3.645
1961	1.922
1963	1.861
1967	4.319
1969	3.203
1970	3.316
1972	3.2
1974	3.891
1975	2.135
1978	3.864
1981	4.189
1984	1.64
1987	1.624
1988	3.902
1989	3.784
1991	4.318
1992	4.043
1993	3.774
1994	3.284
1996	3.081
1999	3.039
2000	3.774
2004	4.286
2005	4.077
2006	3.453
2007	2.657
2008	2.607
2009	2.547
2011	3.661
2012	2.712
2014	4.147
2015	3.832
2016	3.055
2018	4.125
2020	2.843
2023	2.115
2024	2.653
2025	1.631
2027	4.09
2029	2.821
2030	4.286
2035	2.956
2037	3.777
2038	2.783
2040	4.27
2041	3.8
2045	4.233
2047	2.465
2049	2.422
2051	1.615
2052	2.562
2055	4.33
2056	4.27
2059	2.872
2061	3.114
2064	4.154
2066	4.025
2067	4.202
2068	3.838
2070	2.988
2072	2.972
2073	2.988
2075	4.571
2076	3.597
2078	4.202
2079	3.935
2080	3.693
2081	3.234
2082	2.923
2084	3.233
2086	3.04
2087	3.375
2088	4.571
2090	3.829
2091	4.211
2092	3.816
2094	1.568
2097	3.412
2098	2.484
2100	2.534
2102	3.864
2103	3.709
2104	4.287
2105	3.693
2107	2.421
2109	2.693
2112	2.457
2113	2.483
2115	4.123
2117	4.227
2118	3.848
2119	3.217
2121	3.373
2122	3.191
2123	3.779
2124	3.646
2125	3.441
2132	3.173
2136	4.672
2139	4.057
2141	3.39
2144	2.516
2145	3.242
2146	3.177
2148	3.195
2150	4.069
2153	3.517
2163	4.125
2164	4.348
2165	3.912
2167	3.693
2170	4.38
2171	4.604
2172	3.864
2175	3.784
2176	3.843
2179	3.79
2180	3.141
2181	3.87
2183	4.125
2184	4.041
2188	4.163
2192	3.823
2195	3.838
2196	2.264
2198	3.536
2199	3.094
2202	4.353
2203	4.058
2205	4.604
2207	4.11
2208	3.493
2210	3.598
2212	3.518
2213	3.386
2215	4.318
2217	4.012
2218	3.945
2222	4.082
2226	4.286
2228	4.074
2232	4.284
2233	4.187
2234	4.332
2235	4.364
2236	3.742
2238	3.848
2239	3.637
2240	3.407
2242	2.888
2243	3.386
2247	3.896
2250	3.661
2251	3.822
2252	4.07
2253	3.909
2259	3.597
2260	3.448
2261	3.581
2263	4.012
2266	4.327
2272	4.173
2274	4.077
2275	3.945
2277	3.232
2281	3.485
2282	4.334
2287	3.774
2288	4.35
2289	3.8
2291	4.318
2297	3.902
2299	4.318
2302	4.27
2303	3.913
2304	3.393
2305	3.329
2307	3.742
2308	3.33
2309	4.364
2310	3.845
2311	3.614
2314	3.26
2315	3.29
2316	3.296
2317	2.164
2318	3.843
2319	3.435
2322	4.318
2327	3.758
2329	3.822
2330	3.725
2332	3.742
2333	3.469
2338	3.913
2339	3.677
2340	3.371
2341	3.054
2344	2.952
2348	4.059
2350	3.725
2351	3.078
2352	3.078
2358	4.174
2359	3.71
2360	4.319
2363	3.352
2365	3.172
2368	4.334
2369	3.8
2374	4.205
2375	3.929
2377	3.71
2381	3.97
2383	3.119
2386	3.854
2388	3.774
2391	4.286
2397	4.057
2400	3.55
2401	3.519
2407	3.693
2409	3.784
2413	1.658
2414	2.17
2415	4.041
2422	3.331
2423	3.344
2426	3.838
2429	3.8
2431	3.307
2436	2.819
2438	4.335
2440	4.154
2441	3.72
2445	4.319
2447	4.109
2450	3.758
2455	3.418
2456	3.225
2457	3.062
2458	3.505
2459	4.35
2465	3.859
2466	3.639
2467	4.022
2472	3.557
2474	4.009
2486	4.286
2491	3.549
2494	3.452
2495	4.27
2496	4.052
2497	3.189
2499	3.365
2500	3.212
2505	2.879
2506	4.318
2508	3.346
2509	4.35
2510	3.864
2514	3.666
2515	3.65
2518	3.522
2521	3.567
2529	3.864
2530	4.35
2538	4.173
2539	4.286
2540	3.91
2543	3.478
2545	3.419
2549	3.816
2551	3.597
2553	3.893
2554	3.886
2555	4.334
2561	4.286
2569	1.745
2572	3.052
2574	3.896
2577	4.147
2578	3.742
2579	3.973
2582	4.141
2583	3.485
2588	3.854
2589	3.349
2590	3.951
2591	4.318
2592	3.961
2593	3.952
2594	3.256
2596	3.79
2597	3.141
2599	3.886
2601	4.203
2602	4.399
2608	3.768
2615	4.35
2619	3.523
2622	4.369
2623	2.918
2625	4.334
2626	3.88
2627	4.35
2628	3.758
2630	2.77
2632	4.302
2634	3.373
2636	3.661
2637	4.203
2638	3.763
2640	3.781
2643	3.87
2650	2.991
2651	3.005
2654	3.72
2655	4.237
2656	3.913
2657	3.725
2660	2.848
2664	4.041
2666	4.025
2670	3.319
2672	3.275
2673	4.318
2675	4.351
2680	3.613
2682	3.797
2684	4.588
2688	3.358
2689	3.295
2691	3.166
2692	3.264
2696	3.896
2701	3.87
2702	4.35
2703	3.79
2705	3.485
2707	3.331
2708	3.694
2709	3.421
2710	3.646
2711	4.348
2713	4.319
2714	3.848
2715	4.163
2716	3.048
2718	3.44
2724	4.337
2728	2.805
2730	1.634
2731	2.929
2734	3.758
2735	4.025
2739	3.432
2741	3.534
2744	4.604
2748	4.022
2751	4.332
2752	4.205
2754	3.736
2755	3.375
2756	3.07
2757	3.422
2758	3.143
2761	3.784
2763	3.8
2764	3.629
2765	4.077
2768	3.8
2770	3.832
2774	3.87
2775	3.195
2776	3.99
2777	3.925
2778	3.941
2779	3.99
2783	3.864
2784	3.937
2787	4.125
2788	4.284
2789	4.35
2792	3.806
2797	3.586
2799	3.764
2800	4.604
2802	3.108
2803	3.066
2807	4.334
2809	4.302
2811	3.556
2813	3.437
2815	3.512
2817	3.832
2818	3.774
2821	2.94
2827	4.364
2828	3.848
2837	3.864
2838	4.086
2839	3.227
2844	3.646
2845	4.35
2850	4.131
2851	3.961
2853	3.854
2854	4.17
2856	4.254
2857	3.238
2860	3.645
2861	4.034
2862	3.731
2863	4.195
2864	3.468
2865	4.27
2867	3.774
2868	3.421
2870	2.95
2874	4.025
2875	3.784
2879	3.816
2881	4.237
2883	4.587
2890	4.334
2891	4.189
2894	3.496
2896	3.918
2899	4.335
2900	3.097
2903	3.935
2905	3.918
2907	4.009
2908	4.383
2909	3.945
2910	4.35
2913	3.149
2915	3.363
2916	3.254
2917	4.367
2918	4.059
2919	4.27
2920	3.8
2924	3.405
2926	4.656
2927	3.677
2930	3.017
2933	3.084
2935	4.316
2937	4.364
2938	3.774
2939	3.829
2941	3.182
2943	3.79
2945	4.189
2951	3.261
2952	3.543
2955	4.64
2957	4.319
2958	3.8
2959	3.925
2960	3.957
2961	3.934
2964	3.902
2966	4.158
2969	3.934
2970	3.742
2971	3.56
2974	3.951
2976	4.093
2977	4.173
2980	3.437
2981	3.177
2983	3.106
2984	2.796
2988	3.951
2989	3.774
2992	3.239
2994	3.416
2997	4.057
2998	3.929
3005	3.79
3007	3.816
3010	3.229
3014	4.147
3015	4.316
3016	3.877
3018	4.158
3019	3.414
3022	3.457
3024	3.993
3027	3.434
3031	3.414
3038	3.864
3039	4.254
3041	4.254
3042	4.27
3043	3.618
3046	3.909
3047	3.854
3049	3.319
3050	3.886
3054	3.954
3059	4.27
3062	4.287
3065	3.521
3068	3.365
3069	3.521
3071	4.35
3072	4.125
3073	4.588
3079	3.721
3081	4.173
3085	3.453
3091	3.977
3092	3.758
3094	3.157
3097	3.363
3100	3.666
3102	3.047
3110	3.784
3111	4.253
3114	3.462
3121	4.009
3126	4.022
3129	4.334
3130	3.485
3132	3.155
3134	3.078
3140	4.139
3150	3.252
3153	3.806
3156	4.656
3157	3.806
3158	4.399
3161	3.941
3162	3.813
3164	3.309
3165	3.774
3166	3.909
3170	3.945
3182	4.269
3186	3.661
3187	4.334
3188	3.806
3192	2.885
3200	4.07
3201	3.575
3202	3.918
3203	4.656
3208	3.715
3213	3.029
3214	4.318
3217	3.896
3218	4.054
3221	4.302
3223	4.364
3224	3.79
3227	3.725
3228	3.613
3230	4.38
3232	4.205
3238	3.306
3242	3.485
3243	3.806
3248	3.628
3252	3.521
3253	3.473
3254	3.379
3255	3.409
3256	3.521
3257	4.399
3260	4.061
3261	4.672
3262	4.077
3264	4.141
3271	3.264
3272	3.99
3273	3.79
3274	3.806
3277	4.118
3278	3.864
3280	3.662
3281	4.034
3283	4.038
3285	4.098
3286	4.237
3287	3.848
3288	3.653
3294	2.891
3298	4.27
3299	3.704
3303	3.829
3304	3.957
3311	3.058
3313	2.927
3314	3.357
3316	3.8
3319	3.201
3321	3.822
3324	3.774
3325	4.302
3327	3.677
3329	3.864
3330	2.999
3332	2.854
3336	4.157
3339	3.977
3340	3.36
3342	3.101
3344	3.957
3345	3.306
3346	3.774
3347	2.84
3349	3.712
3351	3.13
3353	2.779
3357	4.656
3358	3.709
3359	4.672
3362	3.725
3366	4.27
3367	4.093
3368	2.824
3369	2.759
3370	3.381
3371	3.028
3372	3.461
3374	3.8
3375	4.19
3376	4.251
3378	2.719
3382	2.967
3385	3.88
3386	3.918
3389	3.597
3395	4.334
3396	3.881
3397	2.848
3400	2.857
3405	4.044
3407	3.38
3411	4.334
3412	4.189
3413	3.964
3414	4.286
3416	2.74
3418	2.916
3422	4.35
3424	2.951
3426	4.125
3427	3.076
3428	3.18
3429	3.677
3432	4.157
3435	4.205
3436	3.758
3437	3.743
3438	3.747
3440	3.582
3443	3.973
3444	3.983
3448	3.466
3451	4.383
3452	3.784
3453	4.364
3454	3.881
3461	3.629
3462	4.269
3465	3.758
3467	3.868
3471	4.35
3472	3.742
3479	3.597
3480	4.348
3484	4.171
3486	3.822
3487	3.437
3488	3.925
3491	3.312
3492	3.822
3494	3.782
3496	3.453
3500	4.078
3504	3.886
3507	3.736
3508	3.691
3510	3.918
3511	3.758
3512	3.951
3514	3.258
3516	3.88
3517	3.149
3528	3.666
3529	3.309
3530	4.086
3533	4.025
3534	4.066
3537	4.141
3538	3.501
3539	3.132
3541	3.455
3542	3.938
3543	3.822
3544	4.334
3547	3.806
3548	3.613
3549	2.929
3552	3.484
3554	3.929
3556	3.112
3561	4.261
3565	3.848
3566	3.451
3567	3.918
3568	3.897
3569	3.967
3571	3.482
3572	3.529
3574	3.886
3576	3.582
3577	4.27
3579	3.288
3580	3.453
3582	3.357
3584	4.243
3589	3.723
3592	4.318
3602	2.945
3603	3.87
3607	3.661
3611	3.208
3614	3.129
3618	3.263
3620	3.302
3623	3.564
3624	4.27
3627	3.768
3629	3.618
3630	3.269
3633	3.313
3635	4.302
3638	3.832
3639	3.262
3640	3.284
3643	3.267
3646	4.062
3647	4.057
3649	3.909
3650	3.364
3651	3.099
3653	3.301
3658	3.816
3666	4.334
3668	4.35
3669	3.816
3672	3.034
3673	3.012
3682	3.377
3684	2.845
3685	3.359
3686	2.142
3687	3.391
3689	3.999
3690	3.941
3691	4.335
3692	3.832
3693	4.122
3694	3.752
3695	4.186
3696	3.935
3697	3.749
3699	4.604
3701	4.318
3702	3.648
3703	3.87
3705	4.13
3707	4.27
3708	4.27
3710	4.318
3713	4.334
3719	4.334
3720	3.822
3725	3.87
3727	3.413
3728	4.205
3736	2.827
3737	3.251
3739	2.809
3740	3.251
3742	3.582
3743	4.623
3746	3.328
3748	3.058
3750	4.221
3751	3.832
3752	4.35
3753	4.077
3755	3.693
3756	3.951
3758	3.902
3759	4.319
3761	4.364
3762	3.613
3765	4.303
3766	3.8
3770	4.303
3774	4.07
3776	4.316
3777	4.383
3779	4.174
3780	4.27
3781	3.758
3783	3.326
3784	2.828
3785	3.125
3788	3.161
3789	3.262
3795	3.586
3797	3.37
3799	3.054
3800	3.875
3801	4.202
3803	4.066
3804	4.237
3805	3.661
3807	2.968
3809	3.142
3814	3.661
3820	3.693
3821	3.136
3823	4.237
3825	4.35
3826	3.357
3827	4.041
3828	3.55
3831	4.041
3834	4.106
3836	4.539
3838	3.925
3839	3.602
3840	3.87
3844	3.758
3845	3.986
3846	4.35
3847	3.806
3852	3.119
3853	3.961
3856	4.351
3857	3.903
3860	3.329
3864	3.235
3866	3.677
3868	3.433
3869	4.123
3870	3.442
3871	3.267
3872	3.187
3873	2.837
3874	3.095
3882	3.957
3883	3.565
3884	4.268
3885	3.918
3886	3.886
3887	4.318
3892	3.129
3893	3.693
3895	3.241
3898	2.807
3899	2.759
3901	2.15
3904	4.109
3905	4.287
3908	3.262
3912	3.902
3914	4.27
3915	3.784
3917	3.196
3920	3.355
3921	4.106
3924	4.385
3929	2.686
3930	3.586
3934	4.334
3935	3.693
3936	4.286
3938	3.662
3939	3.725
3940	3.951
3942	3.918
3943	4.086
3947	4.221
3948	3.87
3949	4.086
3951	4.286
3955	3.854
3956	3.073
3957	3.925
3958	3.78
3961	3.118
3970	2.991
3972	4.27
3973	3.661
3976	2.869
3980	4.253
3985	3.237
3986	2.96
3987	3.216
3990	4.205
3992	4.334
3993	3.896
3994	3.433
3995	3.158
3998	2.957
3999	2.824
4002	3.87
4004	4.334
4007	3.988
4012	3.977
4013	3.736
4014	4.002
4017	4.206
4020	4.028
4021	3.993
4028	3.977
4033	3.34
4034	3.041
4036	4.399
4037	3.896
4038	4.672
4040	3.277
4041	2.787
4043	3.025
4045	3.902
4046	3.373
4047	4.302
4049	3.827
4050	3.205
4056	4.367
4058	4.061
4061	3.549
4062	4.141
4063	4.025
4065	3.806
4068	3.257
4069	3.07
4071	3.715
4072	3.277
4074	4.672
4076	4.35
4083	3.806
4084	4.35
4085	4.656
4087	3.775
4088	4.093
4090	3.896
4094	3.4
4100	4.025
4102	3.106
4105	2.948
4108	3.838
4109	4.656
4112	3.253
4113	3.488
4115	3.854
4117	3.88
4118	4.302
4119	3.704
4120	4.093
4123	3.281
4125	3.297
4126	3.482
4127	4.35
4132	4.125
4134	3.774
4136	3.87
4137	3.816
4141	3.114
4142	3.382
4145	4.334
4146	3.742
4147	3.967
4148	3.784
4149	3.141
4152	3.154
4154	4.604
4162	3.661
4163	4.138
4165	4.303
4168	3.377
4173	3.693
4174	4.64
4176	3.429
4178	4.237
4179	3.211
4181	4.237
4183	3.886
4185	3.916
4193	3.774
4194	4.253
4195	3.806
4197	2.722
4199	2.797
4202	3.88
4205	3.726
4207	4.022
4209	3.694
4212	4.287
4213	3.897
4214	3.365
4216	2.848
4219	4.318
4220	3.232
4221	4.303
4223	3.374
4228	4.227
4231	4.077
4232	2.122
4235	2.109
4236	3.549
4238	3.822
4239	4.588
4242	2.961
4244	2.976
4246	3.619
4247	3.363
4248	4.221
4251	3.279
4252	2.838
4253	3.127
4254	3.496
4257	4.555
4259	3.918
4260	4.093
4265	2.81
4266	4.383
4267	3.88
4269	3.816
4272	3.961
4274	3.935
4275	4.07
4277	4.041
4279	3.779
4280	3.886
4282	3.742
4283	3.886
4284	3.951
4287	4.157
4289	2.848
4290	3.854
4291	3.286
4295	4.318
4301	4.334
4304	4.269
4305	3.977
4306	1.127
4307	1.127
4308	1.575
4312	3.758
4315	2.203
4316	4.173
4318	3.116
4320	3.51
4322	3.8
4323	4.173
4325	3.639
4328	3.581
4329	3.743
4338	2.702
4339	2.985
4340	1.571
4341	3.228
4344	3.794
4346	3.38
4347	3.218
4348	2.193
4349	3.141
4350	3.404
4351	4.318
4354	3.639
4357	1.57
4359	1.534
4361	3.87
4363	4.141
4364	3.736
4365	2.993
4369	2.9
4370	3.462
4377	2.97
4378	2.978
4379	3.207
4381	4.205
4382	4.318
4386	4.672
4387	4.028
4390	3.913
4392	3.961
4393	3.779
4394	3.875
4395	3.374
4396	3.376
4398	4.604
4401	3.784
4407	4.302
4408	4.126
4410	4.203
4412	2.917
4414	3.383
4417	3.832
4418	4.588
4426	3.88
4431	1.184
4432	3.261
4439	1.156
4440	1.132
4442	1.129
4443	4.221
4445	3.469
4446	3.8
4447	2.838
4454	3.953
4457	3.548
4458	3.403
4464	4.174
4468	2.991
4469	3.229
4471	4.189
4472	4.604
4473	4.009
4481	4.604
4486	1.523
4487	1.505
4490	4.205
4497	4.27
4498	3.784
4501	4.11
4503	3.112
4507	3.338
4509	3.709
4511	3.816
4513	2.465
4514	2.459
4515	2.542
4516	2.54
4517	4.64
4522	3.347
4523	2.781
4524	3.071
4525	4.012
4526	4.253
4529	3.886
4534	3.203
4540	2.994
4541	3.088
4544	4.672
4549	3.547
4551	3.252
4553	4.364
4556	3.838
4558	3.127
4559	3.105
4562	3.379
4564	4.318
4565	3.897
4567	3.822
4569	3.725
4570	4.253
4573	4.286
4574	3.784
4579	1.185
4580	4.672
4581	3.768
4585	3.725
4590	3.363
4595	1.129
4596	1.153
4597	1.128
4601	3.816
4605	3.549
4606	3.886
4611	4.302
4612	3.79
4616	4.27
4617	3.816
4619	3.903
4626	3.79
4630	1.155
4632	1.159
4633	1.159
4634	4.656
4635	3.774
4636	4.672
4637	3.886
4643	4.122
4644	3.655
4646	3.784
4648	3.485
4651	3.993
4652	4.086
4653	3.726
4656	2.525
4659	2.52
4660	2.483
4662	3.758
4663	4.656
4664	3.87
4665	3.023
4666	2.864
4668	2.769
4669	2.776
4671	4.19
4673	4.122
4674	4.206
4679	3.909
4680	4.022
4681	4.318
4683	4.334
4685	2.784
4686	3.742
4687	2.789
4688	4.069
4689	3.768
4696	3.229
4697	2.917
4699	4.351
4700	3.816
4701	4.252
4702	4.075
4710	4.009
4711	4.219
4712	3.096
4713	3.175
4716	3.193
4717	4.656
4718	3.87
4720	4.27
4724	2.8
4725	2.791
4728	4.119
4729	3.896
4731	3.8
4735	3.298
4740	3.913
4742	4.114
4743	3.408
4745	3.678
4746	2.814
4752	2.856
4753	2.755
4756	2.678
4759	4.269
4760	4.157
4761	2.666
4762	1.133
4763	1.13
4764	2.026
4766	4.302
4769	4.125
4771	2.465
4774	2.565
4777	4.286
4780	3.774
4782	3.742
4788	2.435
4790	2.439
4793	4.285
4794	3.832
4795	4.672
4796	3.677
4797	2.859
4798	3.47
4799	2.834
4800	4.101
4802	4.588
4805	4.588
4806	3.8
4807	3.806
4808	3.256
4810	3.086
4811	3.321
4812	3.049
4813	3.072
4815	4.334
4817	4.672
4819	2.923
4820	2.914
4821	3.629
4822	2.714
4825	3.832
4826	4.286
4832	3.71
4836	3.693
4839	2.746
4842	3.956
4844	4.672
4845	3.806
4847	1.973
4848	2.519
4849	2.505
4853	4.588
4855	2.943
4857	2.885
4858	2.811
4859	2.826
4860	3.886
4863	3.407
4867	1.57
4869	4.334
4872	3.961
4874	2.799
4877	3.378
4879	3.864
4880	4.237
4881	3.864
4882	3.482
4883	3.774
4885	3.273
4886	3.935
4888	3.854
4898	4.253
4900	2.852
4901	1.639
4903	1.652
4905	4.173
4911	1.133
4912	1.132
4913	1.131
4918	3.522
4919	3.666
4921	3.838
4922	3.854
4926	3.8
4928	2.659
4929	2.898
4932	4.221
4933	4.061
4937	4.077
4938	3.854
4940	3.185
4941	3.49
4942	3.709
4944	3.884
4946	3.832
4947	4.157
4948	3.896
4949	1.13
4950	1.132
4951	1.128
4953	1.13
4954	3.999
4957	3.913
4959	2.926
4960	1.185
4961	2.222
4964	3.752
4965	4.35
4967	3.469
4968	2.605
4970	2.662
4971	3.362
4974	3.894
4975	4.221
4977	1.153
4978	1.153
4981	4.64
4982	3.758
4985	1.599
4989	2.852
4990	4.64
4991	3.774
4992	4.656
4996	1.126
4997	1.159
4998	1.128
5000	3.881
5002	4.205
5005	3.795
5007	4.022
5010	4.656
5011	3.693
5012	3.689
5014	3.517
5015	3.35
5017	4.587
5018	4.173
5022	3.254
5023	3.017
5024	3.323
5025	2.885
5026	2.835
5027	3.317
5031	3.784
5032	4.125
5033	3.951
5037	3.848
5039	4.334
5040	3.661
5045	3.099
5046	2.867
5048	4.656
5049	3.929
5050	4.672
5053	1.642
5056	1.579
5058	3.774
5060	3.742
5064	3.321
5072	1.135
5073	1.127
5074	1.127
5078	3.832
5079	2.904
5080	3.028
5081	2.703
5083	3.581
5085	3.816
5086	4.254
5089	1.588
5091	1.541
5092	2.642
5096	4.125
5097	1.127
5100	1.132
5102	4.574
5105	3.693
5107	3.473
5109	2.698
5114	3.913
5115	1.158
5116	1.157
5117	1.155
5121	3.774
5123	3.645
5124	1.572
5125	1.643
5127	1.639
5132	3.896
5133	3.758
5134	3.861
5135	4.009
5136	3.375
5137	4.025
5139	3.896
5141	3.832
5142	1.616
5145	2.497
5147	4.286
5149	4.253
5153	1.131
5154	1.131
5155	1.131
5160	2.754
5161	2.517
5163	2.454
5166	3.913
5167	4.243
5169	2.452
5171	3.388
5175	3.752
5176	4.604
5177	3.832
5178	4.179
5186	3.964
5187	1.127
5189	1.161
5191	1.129
5195	2.203
5197	2.18
5198	2.231
5199	1.195
5201	4.38
5204	3.784
5208	2.692
5212	4.523
5215	2.476
5216	2.383
5219	4.285
5220	3.645
5223	3.319
5225	3.043
5226	3.408
5227	3.461
5231	3.832
5232	2.556
5234	3.174
5236	2.543
5238	3.816
5239	4.303
5242	2.998
5244	3.05
5246	4.555
5247	4.044
5248	4.221
5249	4.173
5251	1.552
5253	1.594
5254	1.594
5258	3.864
5260	3.55
5261	3.431
5262	3.363
5263	3.918
5264	3.517
5267	3.996
5269	3.996
5276	4.205
5277	3.71
5278	3.485
5282	4.27
5288	3.886
5291	4.038
5294	3.886
5296	1.125
5298	1.567
5303	3.88
5304	3.393
5306	3.346
5311	4.588
5313	3.293
5314	2.693
5317	3.886
5318	4.64
5319	3.897
5321	3.736
5324	3.146
5325	2.999
5327	4.318
5333	4.253
5334	4.109
5338	4.253
5340	3.602
5341	3.602
5342	3.715
5345	4.656
5346	3.661
5347	4.587
5348	4.173
5350	4.302
5351	4.575
5356	4.604
5357	3.687
5358	3.426
5359	3.505
5361	3.854
5362	3.983
5369	1.578
5370	1.643
5372	4.237
5376	1.127
5377	1.128
5378	1.129
5379	1.156
5380	1.129
5383	4.604
5384	3.945
5385	3.247
5387	2.953
5389	4.141
5391	3.945
5393	3.784
5395	3.148
5397	2.834
5398	3.555
5399	4.243
5401	4.243
5404	2.514
5405	2.601
5406	2.673
5407	2.627
5409	3.688
5411	3.768
5414	3.081
5415	3.122
5419	3.945
5420	3.902
5423	1.15
5426	4.318
5427	3.794
5429	3.913
5432	4.318
5434	4.286
5435	3.806
5436	4.109
5437	3.983
5439	2.271
5440	3.97
5443	3.693
5446	4.672
5447	3.784
5449	3.758
5455	4.571
5456	4.141
5457	3.042
5458	4.334
5459	2.651
5460	3.79
5462	4.286
5463	3.832
5464	4.672
5466	3.296
5467	3.142
5468	2.745
5471	4.253
5474	3.832
5476	1.626
5477	1.608
5478	2.483
5480	4.319
5483	4.125
5487	2.975
5489	4.35
5491	2.805
5492	3.72
5495	2.163
5496	2.672
5497	3.077
5500	4.221
5501	3.742
5502	2.751
5503	1.63
5504	3.196
5505	1.646
5507	4.656
5510	4.221
5512	2.681
5513	2.712
5514	3.219
5518	4.286
5520	3.005
5521	2.949
5522	3.742
5523	2.92
5525	4.269
5526	3.725
5530	3.693
5531	3.202
5532	3.351
5533	4.141
5534	3.921
5535	3.768
5537	4.173
5538	3.732
5545	4.144
5546	3.784
5548	1.597
5549	2.723
5552	4.286
5553	4.109
5554	4.237
5555	4.221
5556	1.128
5558	1.131
5560	1.132
5561	4.64
5563	4.205
5565	3.157
5568	3.485
5569	3.662
5575	2.859
5580	3.864
5582	4.189
5584	2.201
5586	3.06
5587	3.255
5591	3.848
5593	3.581
5595	4.157
5602	2.763
5603	3.546
5604	2.784
5607	3.872
5608	4.173
5609	3.838
5610	1.599
5612	1.595
5613	1.6
5614	1.59
5615	4.154
5617	4.369
5618	4.238
5619	3.256
5620	3.156
5621	3.306
5623	3.795
5624	4.571
5627	3.8
5632	3.365
5633	4.571
5634	4.028
5637	3.854
5640	2.823
5641	3.571
5642	4.38
5643	4.19
5645	3.816
5646	4.038
5647	3.55
5651	3.822
5653	4.302
5656	1.605
5659	1.58
5663	4.173
5664	3.34
5668	3.534
5671	4.27
5676	4.012
5677	4.35
5678	4.302
5679	4.103
5680	4.672
5683	3.175
5687	4.237
5691	3.148
5693	3.533
5694	3.404
5695	3.484
5696	4.604
5697	3.896
5701	3.79
5710	3.396
5712	4.205
5717	4.125
5718	4.269
5722	4.205
5725	4.672
5728	3.766
5732	3.596
5733	3.549
5736	1.646
5737	1.615
5739	1.62
5740	1.615
5741	4.302
5742	3.872
5744	3.816
5749	3.517
5750	4.074
5751	3.832
5752	4.253
5753	3.704
5755	2.9
5756	2.618
5758	3.484
5761	4.482
5762	4.318
5764	1.54
5765	1.59
5768	1.564
5770	4.64
5772	4.27
5773	3.816
5776	4.607
5777	3.671
5779	4.253
5781	3.886
5787	1.13
5788	4.656
5791	4.125
5792	4.64
5794	4.575
5797	4.237
5801	2.69
5810	1.566
5811	1.582
5812	1.592
5813	1.126
5815	4.318
5816	4.109
5819	1.591
5820	2.535
5821	1.566
5822	1.13
5823	1.585
5824	4.64
5825	4.189
5828	2.74
5829	3.677
5834	3.896
5835	4.672
5839	1.58
5841	1.587
5842	4.253
5845	3.929
5846	4.27
5847	3.752
5848	4.253
5851	4.227
5852	4.189
5853	4.27
5855	3.37
5857	3.249
5859	3.854
5860	4.27
5861	3.88
5864	3.843
5865	2.68
5867	3.893
5874	3.886
5875	4.057
5876	3.053
5879	4.163
5882	3.806
5883	3.534
5885	3.822
5886	3.886
5887	4.221
5890	3.771
5894	1.127
5895	1.127
5898	3.977
5899	4.284
5900	3.589
5901	4.284
5902	4.09
5905	4.229
5906	3.896
5907	4.205
5911	3.032
5918	1.159
5919	1.156
5922	1.636
5923	3.806
5928	2.442
5931	2.593
5936	2.714
5937	3.38
5941	4.337
5943	4.385
5944	3.748
5947	2.987
5948	3.586
5952	4.35
5956	3.499
5960	3.501
5964	4.102
5965	3.848
5966	2.535
5968	1.158
5970	1.186
5975	4.348
5976	4.019
5977	3.489
5978	3.264
5979	3.192
5982	3.6
5983	4.102
5986	3.758
5987	3.645
5988	3.517
5989	3.762
5990	2.922
5991	3.417
5992	3.188
5996	4.041
6000	3.808
6006	4.364
6007	3.886
6014	4.095
6015	3.128
6017	4.546
6020	3.169
6022	2.856
6027	4.364
6028	4.075
6029	3.158
6030	2.915
6032	3.235
6035	4.163
6037	3.896
6038	3.325
6041	2.789
6044	3.316
6045	4.507
6050	2.647
6051	2.892
6052	2.746
6053	2.848
6054	4.53
6056	4.17
6060	1.207
6061	1.203
6065	4.546
6068	1.234
6072	1.212
6075	3.742
6077	3.886
6080	4.267
6082	4.267
6083	4.546
6084	4.025
6085	4.53
6086	3.848
6088	3.386
6092	4.122
6093	3.902
6095	3.993
6096	3.539
6098	3.582
6099	3.192
6101	4.53
6103	3.945
6104	4.45
6105	3.848
6106	3.784
6108	3.172
6109	3.122
6112	3.089
6117	4.058
6120	3.973
6122	4.305
6123	4.498
6127	3.763
6128	3.526
6133	3.342
6135	4.332
6136	4.041
6137	3.237
6144	3.816
6145	4.38
6147	3.257
6150	3.26
6152	4.031
6154	4.562
6155	3.784
6157	1.18
6159	1.169
6160	1.182
6161	4.364
6164	3.832
6169	4.106
6170	4.498
6171	3.806
6174	3.79
6175	3.02
6176	3.003
6178	2.86
6179	2.838
6180	2.781
6183	4.482
6185	4.385
6186	4.025
6187	3.265
6188	3.297
6191	3.377
6193	3.376
6194	4.546
6195	4.171
6197	2.799
6198	2.854
6199	2.278
6200	2.863
6202	3.214
6205	3.552
6206	3.025
6208	2.857
6209	2.981
6211	3.03
6212	3.983
6214	4.498
6215	3.806
6218	4.3
6224	3.816
6225	3.157
6232	4.3
6233	3.806
6234	3.225
6236	3.427
6239	3.891
6241	4.095
6242	3.11
6243	2.992
6246	2.843
6248	4.318
6249	3.816
6250	4.286
6253	3.482
6258	3.508
6259	4.041
6263	3.961
6266	3.742
6267	3.945
6272	3.22
6278	4.101
6286	4.086
6288	4.025
6290	3.726
6291	3.961
6292	3.15
6293	3.162
6295	3.105
6297	4.562
6299	4.353
6300	3.79
6301	3.152
6302	2.964
6305	3.602
6306	4.562
6307	3.983
6308	4.334
6309	3.848
6310	2.883
6311	2.938
6313	2.767
6316	4.321
6317	4.102
6318	4.141
6319	3.336
6321	3.186
6326	4.203
6327	4.546
6333	3.469
6334	3.731
6335	4.041
6336	3.832
6337	4.289
6338	4.3
6342	3.989
6345	4.022
6346	4.041
6347	4.171
6348	4.546
6349	3.848
6350	3.79
6353	3.061
6357	4.348
6359	3.763
6360	3.747
6362	3.337
6363	3.957
6366	4.369
6368	3.983
6370	2.937
6372	2.992
6373	3.053
6375	4.482
6377	4.35
6381	3.125
6382	3.056
6385	3.226
6386	4.27
6387	3.816
6390	2.799
6392	2.907
6395	4.562
6397	4.35
6402	3.072
6404	4.385
6405	3.935
6407	4.514
6411	2.982
6412	2.957
6417	3.951
6419	3.848
6420	3.021
6421	3.146
6423	2.984
6424	3.031
6426	4.546
6429	3.29
6432	3.666
6434	4.05
6443	3.426
6444	3.437
6447	3.661
6448	4.562
6452	2.899
6454	3.464
6458	3.768
6460	4.251
6463	2.91
6467	2.979
6468	4.514
6469	4.418
6470	4.482
6471	3.848
6477	4.53
6478	3.752
6480	3.832
6488	4.546
6489	4.272
6491	2.617
6495	4.284
6496	3.848
6497	4.27
6499	3.581
6500	2.826
6506	4.086
6508	4.546
6510	3.377
6511	3.05
6513	3.238
6514	3.272
6517	3.747
6521	2.878
6527	4.035
6529	3.87
6531	3.806
6532	3.501
6535	3.861
6536	3.925
6540	3.97
6543	3.967
6545	3.918
6546	3.967
6548	4.562
6549	4.109
6550	3.302
6552	3.284
6554	3.327
6555	4.3
6557	4.466
6558	4.353
6559	3.175
6563	3.216
6565	3.929
6566	4.562
6567	3.8
6569	3.033
6572	2.831
6575	4.337
6576	4.482
6578	3.886
6579	4.147
6580	3.986
6582	3.06
6584	4.302
6588	3.139
6589	3.365
6591	3.822
6593	4.262
6595	4.546
6597	3.29
6599	3.345
6600	3.037
6603	3.993
6604	4.316
6605	3.961
6606	3.081
6607	3.123
6610	3.38
6614	3.983
6615	3.416
6617	2.896
6618	3.178
6619	3.293
6620	4.118
6626	3.11
6631	3.742
6632	4.102
6635	3.183
6638	3.205
6640	4.025
6644	3.774
6646	3.457
6647	3.228
6648	3.384
6656	2.52
6657	2.832
6658	2.92
6659	2.769
6664	3.01
6665	2.817
6669	4.348
6670	4.091
6671	4.53
6674	3.038
6675	3.02
6678	4.348
6683	3.277
6684	3.356
6687	4.057
6688	3.865
6692	2.564
6694	2.805
6695	2.858
6696	4.09
6697	4.466
6698	4.364
6700	3.22
6701	3.693
6711	2.996
6714	4.546
6715	3.848
6717	3.725
6720	3.398
6721	3.629
6723	3.79
6725	4.17
6728	4.141
6731	3.484
6733	3.166
6735	3.977
6736	4.466
6738	4.041
6742	3.501
6745	4.506
6746	3.709
6747	4.27
6748	4.173
6750	3.356
6752	3.173
6754	4.364
6757	4.025
6758	3.185
6760	3.052
6761	2.997
6762	2.959
6765	3.742
6766	4.09
6768	3.039
6769	3.421
6770	3.682
6771	3.113
6772	3.023
6773	3.699
6775	3.832
6777	4.025
6778	3.304
6781	3.381
6789	3.208
6791	3.291
6799	3.021
6800	3.046
6802	3.983
6804	4.102
6805	3.055
6810	2.919
6812	4.138
6813	3.752
6814	4.514
6816	3.382
6819	3.429
6822	4.109
6824	4.302
6825	3.848
6830	2.676
6833	3.983
6834	4.53
6840	2.836
6843	4.3
6845	4.155
6847	2.794
6851	2.826
6855	4.155
6857	3.431
6862	3.961
6863	4.057
6865	4.491
6868	3.699
6869	3.877
6870	4.482
6875	3.156
6877	3.421
6879	4.546
6880	3.736
6884	3.107
6885	3.358
6887	3.459
6890	4.53
6894	3.002
6896	3.22
6897	4.466
6899	4.562
6901	3.973
6902	3.629
6903	3.989
6905	4.006
6907	3.602
6913	3.084
6914	3.239
6918	4.546
6919	4.041
6920	4.018
6921	3.145
6922	4.066
6923	3.416
6924	3.453
6927	3.864
6931	2.895
6934	2.92
6940	2.68
6942	2.794
6945	2.749
6946	4.025
6947	3.848
6948	4.17
6950	3.897
6957	4.243
6958	3.661
6964	2.822
6966	2.001
6968	4.332
6969	3.848
6970	4.466
6974	3.093
6975	3.226
6978	3.341
6979	3.724
6980	4.109
6981	4.562
6982	3.848
6983	3.957
6987	3.861
6991	4.321
6992	2.765
6993	2.562
6994	2.763
6995	2.824
6996	2.95
6997	4.243
6998	3.945
7000	3.88
7001	2.831
7004	2.799
7005	2.684
7006	4.07
7008	4.562
7009	3.945
7013	3.861
7016	3.897
7019	3.993
7020	2.035
7021	2.032
7022	1.735
7025	2.042
7026	4.057
7028	4.334
7035	4.604
7040	3.149
7045	3.2
7054	3.598
7056	3.693
7058	3.848
7060	3.845
7061	4.022
7063	4.268
7066	4.332
7070	3.087
7074	4.173
7077	3.505
7081	3.666
7082	4.604
7083	3.929
7084	4.284
7085	4.17
7086	3.929
7087	3.216
7090	2.865
7092	3.148
7094	3.838
7099	3.215
7100	3.046
7101	3.26
7103	3.72
7104	4.546
7105	3.854
7108	3.178
7110	3.384
7116	3.977
7118	3.274
7119	3.598
7120	3.273
7121	3.598
7123	4.187
7124	4.482
7125	4.009
7126	3.886
7127	3.822
7133	3.961
7138	4.122
7139	3.822
7143	3.8
7144	3.693
7145	4.546
7150	3.154
7153	4.546
7155	4.27
7156	3.752
7161	4.221
7164	2.953
7165	4.562
7166	4.031
7185	4.385
7186	4.021
7189	3.379
7196	4.173
7200	2.963
7204	4.434
7205	3.977
7208	3.234
7209	3.845
7210	3.717
7211	3.645
7213	4.482
7217	3.614
7218	3.973
7219	3.747
7221	3.957
7222	4.546
7224	3.832
7226	3.854
7229	3.02
7230	2.998
7234	4.093
7235	3.693
7237	3.945
7239	3.22
7240	3.32
7241	3.393
7242	3.337
7246	4.514
7252	2.959
7262	3.46
7267	3.774
7268	4.514
7269	3.993
7270	3.989
7271	3.797
7274	4.006
7276	3.688
7277	4.562
7280	3.361
7281	3.409
7287	3.881
7291	2.747
7292	3.107
7293	2.76
7294	2.763
7298	3.72
7300	3.344
7302	3.054
7304	4.38
7306	4.337
7309	3.934
7313	3.977
7314	4.202
7315	4.498
7316	3.153
7320	3.877
7322	2.816
7332	3.699
7334	3.811
7335	3.579
7340	3.058
7343	3.126
7344	2.958
7346	4.237
7347	3.912
7349	3.896
7350	3.069
7352	3.221
7353	3.056
7358	3.896
7359	4.546
7362	2.105
7364	3.336
7365	3.114
7367	3.993
7368	4.514
7370	3.854
7371	3.364
7372	3.248
7375	3.409
7381	3.09
7383	2.916
7386	4.514
7388	4.27
7389	3.829
7390	3.485
7391	3.244
7392	3.376
7397	3.967
7398	3.87
7399	3.342
7402	3.208
7404	4.546
7411	3.114
7414	3.752
7416	4.588
7417	3.993
7418	4.555
7419	4.057
7420	3.935
7422	4.378
7423	4.186
7427	3.784
7428	3.774
7432	3.806
7434	3.945
7437	3.634
7438	3.457
7441	3.731
7444	4.042
7446	3.938
7451	2.899
7452	2.882
7454	2.863
7455	4.53
7457	4.571
7459	3.918
7461	2.917
7462	3.269
7468	4.321
7470	4.074
7472	3.041
7474	3.229
7476	3.216
7479	4.498
7481	3.435
7483	3.473
7485	3.46
7486	4.35
7487	3.758
7491	3.312
7492	3.79
7493	3.299
7496	3.034
7497	4.385
7499	4.139
7503	3.457
7504	2.725
7505	3.393
7506	4.546
7507	4.187
7508	4.546
7509	3.961
7511	3.372
7516	3.945
7522	3.057
7525	3.897
7526	4.009
7527	4.364
7532	2.754
7534	3.133
7537	4.417
7539	3.983
7542	3.445
7543	3.384
7545	3.425
7547	4.106
7549	3.848
7550	3.945
7551	3.929
7553	3.864
7554	3.929
7556	4.498
7557	4.546
7558	3.973
7559	4.059
7561	3.171
7563	3.033
7564	3.296
7567	3.967
7569	4.074
7572	4.022
7573	3.574
7576	3.832
7577	4.123
7580	3.374
7581	2.831
7583	3.425
7587	3.816
7588	4.3
7594	3.369
7599	4.009
7603	3.806
7606	4.122
7608	4.364
7609	3.919
7611	3.329
7612	3.685
7613	2.989
7616	3.854
7618	4.45
7619	3.877
7622	3.17
7625	3.186
7629	4.176
7630	3.651
7634	3.822
7636	3.848
7638	3.742
7639	3.973
7641	3.4
7642	3.893
7643	3.386
7647	3.993
7648	4.482
7651	3.173
7652	3.614
7653	3.338
7654	3.539
7657	3.832
7658	4.268
7659	4.434
7660	3.214
7662	3.361
7665	3.406
7666	4.482
7668	4.588
7669	3.768
7670	3.827
7672	3.876
7675	4.364
7678	4.562
7680	2.915
7681	3.101
7682	3.19
7687	3.919
7688	4.237
7689	4.254
7692	3.538
7697	3.816
7699	3.864
7700	2.791
7701	2.898
7702	2.831
7703	2.615
7707	3.752
7711	3.57
7712	4.006
7714	3.779
7716	3.999
7719	3.854
7722	3.338
7723	3.822
7724	4.316
7728	3.075
7729	1.926
7731	1.985
7732	1.944
7733	1.931
7739	3.151
7740	3.036
7741	2.921
7742	2.987
7744	4.562
7746	4.002
7747	4.27
7751	2.911
7752	2.759
7753	2.593
7754	2.797
7755	4.348
7757	4.027
7760	3.213
7763	3.358
7764	3.063
7768	4.35
7769	4.173
7771	3.87
7776	3.886
7777	4.482
7778	3.79
7779	4.466
7780	4.353
7781	2.825
7782	2.964
7784	2.8
7785	2.866
7787	3.736
7790	3.122
7792	2.961
7793	2.78
7794	3.072
7798	4.466
7804	4.286
7805	4.141
7807	3.848
7808	3.328
7810	3.168
7811	2.942
7813	4.286
7817	3.069
7819	3.116
7821	3.041
7822	4.546
7823	4.04
7834	3.784
7836	3.816
7838	4.073
7839	4.185
7841	3.928
7844	3.413
7847	2.608
7849	4.185
7851	4.233
7859	4.105
7861	3.784
7864	3.431
7866	3.758
7867	4.185
7868	3.944
7869	4.155
7872	3.422
7875	3.661
7876	3.613
7878	4.604
7881	4.057
7884	3.626
7887	4.185
7888	3.768
7890	4.04
7891	4.219
7892	4.139
7893	4.268
7896	4.207
7898	4.25
7899	4.04
7900	3.031
7902	3.216
7903	3.013
7906	3.854
7909	4.105
7912	3.22
7917	3.655
7921	3.112
7923	3.312
7925	4.217
7926	4.024
7927	3.961
7933	2.458
7934	4.604
7935	3.736
7936	4.348
7939	2.687
7940	2.724
7946	3.736
7949	3.181
7953	3.944
7954	4.364
7957	3.425
7959	3.03
7963	4.121
7964	4.025
7966	2.976
7967	2.75
7971	3.144
7972	4.169
7973	3.919
7976	3.421
7977	3.204
7980	3.774
7981	4.284
7985	3.813
7986	3.303
7987	3.893
7989	3.385
7990	3.113
7993	3.929
7995	4.284
7996	3.407
7998	3.27
7999	3.174
8002	3.9
8005	1.735
8006	1.74
8010	4.169
8012	4.348
8014	3.203
8018	3.426
8021	4.217
8024	3.709
8025	3.374
8028	4.233
8029	3.848
8031	3.864
8032	3.421
8037	4.25
8038	3.881
8039	4.266
8040	4.024
8041	3.426
8044	3.65
8047	4.024
8049	4.137
8050	3.945
8055	3.977
8058	4.089
8059	3.198
8060	2.86
8064	4.185
8065	4.024
8067	4.008
8068	4.185
8069	3.87
8071	3.305
8072	3.822
8073	4.153
8076	4.089
8077	3.344
8079	3.269
8084	4.185
8089	3.893
8090	4.006
8091	4.364
8092	4.024
8093	4.348
8094	4.04
8095	3.292
8096	3.184
8104	3.277
8105	3.506
8108	3.372
8109	4.201
8110	4.057
8112	3.864
8119	4.037
8120	3.894
8121	3.79
8124	2.931
8126	3.099
8127	3.951
8129	4.185
8130	3.987
8134	3.2
8136	4.316
8143	3.272
8145	4.073
8147	4.169
8152	3.061
8155	3.929
8156	4.364
8157	3.832
8158	3.26
8159	2.871
8161	3.026
8162	3.139
8165	4.3
8168	3.716
8173	4.008
8175	4.121
8177	3.216
8179	3.905
8180	4.165
8184	3.832
8186	3.945
8187	4.089
8189	4.073
8190	4.063
8191	3.832
8192	4.266
8194	3.115
8195	3.134
8196	3.116
8199	4.175
8200	4.024
8201	4.185
8206	3.566
8210	3.854
8211	3.925
8213	3.046
8215	2.955
8216	2.879
8217	4.217
8219	4.233
8223	3.453
8225	3.356
8227	4.057
8228	4.153
8230	3.87
8233	3.228
8246	4.169
8247	4.105
8248	3.48
8249	3.224
8251	3.124
8258	3.693
8264	4.266
8266	3.08
8267	3.115
8269	2.789
8272	4.252
8274	4.056
8276	2.997
8277	3.264
8281	3.928
8282	4.233
8283	3.935
8285	4.33
8288	3.774
8289	4.201
8294	3.854
8296	3.072
8300	4.185
8304	3.531
8305	3.302
8306	3.87
8307	4.249
8312	2.857
8314	2.919
8316	4.217
8317	3.287
8321	2.887
8323	3.048
8325	4.348
8327	4.137
8328	3.919
8329	3.205
8330	3.336
8331	3.266
8333	3.315
8335	3.864
8336	4.233
8338	4.169
8339	3.502
8340	3.677
8345	4.201
8347	3.731
8349	3.811
8351	3.779
8352	4.169
8355	4.089
8356	3.8
8358	3.848
8360	3.768
8363	4.316
8366	3.925
8367	3.797
8368	3.667
8374	3.078
8376	3.22
8377	2.932
8379	4.217
8381	4.332
8384	3.116
8388	4.185
8396	3.183
8400	3.862
8406	3.977
8407	4.217
8409	4.073
8412	4.364
8417	4.022
8419	3.317
8421	3.025
8424	4.249
8425	4.105
8426	4.121
8430	3.037
8431	3.071
8434	3.881
8435	4.249
8437	3.538
8441	3.538
8444	4.102
8446	3.957
8449	3.613
8452	3.806
8453	4.249
8455	3.532
8456	3.407
8457	3.457
8458	3.349
8459	3.407
8460	4.201
8462	4.217
8469	4.047
8470	4.137
8474	3.044
8475	2.897
8476	3.069
8479	4.169
8481	4.235
8482	3.4
8483	3.339
8484	3.412
8486	3.44
8489	4.604
8490	3.992
8492	3.142
8493	3.337
8494	3.468
8501	3.816
8502	3.87
8504	4.185
8506	3.976
8507	4.137
8511	3.356
8512	3.431
8514	4.169
8516	4.153
8517	4.024
8520	4.022
8521	3.909
8524	4.137
8525	4.38
8528	2.158
8529	2.816
8530	2.152
8532	4.217
8536	3.763
8537	3.747
8538	3.586
8541	4.185
8543	3.886
8551	3.983
8555	3.565
8561	4.185
8562	4.097
8563	3.045
8564	3.273
8566	3.06
8567	3.273
8569	3.815
8571	4.23
8572	3.502
8574	3.326
8578	4.073
8581	3.478
8582	3.057
8584	3.049
8586	4.588
8588	4.015
8589	4.153
8590	3.071
8593	2.896
8594	3.039
8596	4.121
8597	3.811
8598	3.853
8600	3.154
8601	3.402
8606	4.249
8607	3.88
8608	3.87
8609	3.301
8610	3.507
8611	3.584
8613	4.265
8614	4.008
8618	2.957
8620	2.916
8622	4.364
8624	3.913
8626	3.02
8627	2.094
8629	3.086
8630	3.058
8631	4.169
8635	3.731
8636	3.3
8637	3.313
8639	3.65
8645	3.374
8646	3.324
8647	2.959
8649	2.923
8651	4.086
8656	3.132
8657	3.758
8663	3.945
8664	3.16
8665	3.002
8668	3.06
8669	4.169
8674	2.979
8675	3.08
8676	3.13
8679	3.992
8680	4.031
8683	2.794
8684	2.789
8685	2.762
8686	2.765
8689	3.967
8690	4.153
8691	4.006
8692	3.79
8696	4.201
8697	3.8
8699	4.073
8702	3.406
8705	4.201
8708	4.137
8709	3.443
8712	3.132
8716	3.961
8719	2.557
8724	3.752
8728	3.774
8738	4.181
8739	3.848
8741	4.185
8742	4.105
8743	4.364
8746	3.707
8748	4.101
8749	4.221
8750	4.316
8751	4.121
8753	3.864
8756	3.582
8757	3.226
8759	4.249
8760	3.877
8766	2.786
8767	2.921
8768	4.25
8775	3.305
8777	4.169
8779	4.137
8781	3.618
8783	3.909
8784	3.699
8787	3.822
8790	3.614
8791	3.427
8794	3.87
8796	4.04
8800	4.082
8801	3.945
8805	4.008
8813	4.185
8814	3.976
8815	4.266
8816	4.056
8822	4.233
8823	4.056
8830	3.374
8834	4.169
8836	3.457
8838	3.115
8842	4.079
8844	3.112
8846	3.15
8848	3.275
8852	4.04
8854	4.018
8856	4.131
8858	4.252
8859	4.057
8862	3.415
8867	3.22
8869	4.056
8873	3.402
8875	3.467
8876	4.121
8878	4.153
8879	3.928
8888	4.024
8892	2.644
8894	4.587
8901	2.967
8902	3.2
8903	4.251
8907	3.317
8908	2.893
8913	3.945
8914	4.073
8915	4.008
8916	2.887
8917	3.36
8918	3.194
8924	3.864
8926	3.282
8932	4.201
8934	3.747
8936	3.974
8937	3.813
8941	4.249
8942	3.96
8943	3.097
8944	2.769
8945	3.247
8948	4.201
8949	4.089
8952	3.792
8955	3.693
8956	3.822
8957	4.233
8958	4.008
8959	4.281
8961	3.325
8964	3.276
8965	3.176
8966	4.266
8967	3.96
8972	3.838
8973	3.342
8976	4.073
8977	4.009
8978	4.057
8980	3.076
8982	3.026
8983	3.221
8987	4.04
8988	2.976
8992	3.806
8994	4.153
8996	4.118
8998	3.224
8999	3.87
9000	3.87
9001	3.39
9005	4.057
9006	4.201
9011	3.854
9015	4.332
9017	2.974
9019	2.779
9021	2.813
9024	4.201
9028	3.202
9030	3.255
9031	4.07
9033	4.185
9035	3.048
9037	3.264
9038	3.115
9039	3.241
9040	4.364
9041	4.057
9044	3.87
9045	3.758
9046	3.99
9050	4.04
9051	4.348
9053	3.49
9054	3.79
9058	3.974
9066	3.877
9067	4.249
9068	4.052
9070	4.073
9071	3.057
9073	2.956
9074	2.931
9075	2.881
9077	3.976
9078	3.967
9080	3.768
9083	2.731
9085	4.266
9086	4.089
9090	2.762
9094	4.201
9095	4.089
9096	3.961
9097	3.889
9098	3.131
9099	3.134
9101	3.172
9103	4.249
9106	3.774
9108	3.063
9109	3.02
9110	2.946
9113	3.8
9117	3.097
9126	2.438
9127	2.754
9129	2.786
9131	3.774
9133	4.024
9134	3.854
9137	3.421
9139	4.266
9140	3.752
9141	4.233
9142	3.864
9146	3.848
9147	4.131
9148	4.185
9150	4.316
9153	2.672
9155	3.039
9156	2.998
9159	4.266
9160	3.928
9161	3.321
9167	3.96
9171	4.024
9172	4.024
9177	4.041
9181	3.163
9183	3.271
9184	4.571
9185	4.008
9186	4.217
9187	3.961
9189	3.184
9192	3.362
9193	4.348
9194	4.024
9196	3.912
9206	3.204
9208	3.147
9212	3.88
9213	4.102
9215	3.123
9222	4.185
9223	3.896
9230	4.121
9233	4.252
9235	3.968
9236	3.877
9238	4.185
9239	4.105
9240	4.233
9241	3.992
9247	4.185
9249	4.233
9250	4.073
9254	2.06
9255	2.577
9259	3.976
9262	3.141
9264	3.248
9269	3.173
9272	2.645
9273	3.032
9274	4.185
9275	4.04
9280	3.54
9281	3.023
9284	4.073
9285	4.284
9288	2.873
9292	4.121
9293	3.8
9295	4.008
9297	3.13
9299	3.05
9300	3.183
9305	3.076
9307	3.035
9308	2.868
9309	3.119
9313	3.704
9315	2.55
9319	4.265
9323	4.089
9326	3.234
9327	2.991
9328	3.167
9329	3.105
9330	4.324
9335	3.774
9337	3.501
9338	3.934
9342	4.057
9343	3.142
9344	2.947
9349	4.04
9350	4.185
9351	4.04
9354	3.251
9356	3.364
9361	3.424
9362	3.437
9367	3.983
9368	4.217
9369	4.024
9370	3.242
9373	3.167
9374	3.018
9375	4.185
9377	4.169
9385	4.121
9386	4.054
9387	3.897
9388	2.626
9389	2.991
9391	2.845
9393	4.169
9394	3.903
9395	4.284
9400	3.79
9402	4.169
9407	2.694
9408	3.465
9412	4.105
9413	4.153
9414	3.687
9423	4.121
9426	3.468
9427	2.915
9430	3.912
9431	4.233
9434	4.107
9435	4.284
9436	3.924
9437	4.268
9438	4.005
9439	4.073
9442	3.409
9444	3.168
9445	3.074
9447	4.25
9448	4.153
9449	3.758
9451	3.998
9455	3.307
9456	3.726
9457	3.693
9461	3.935
9462	3.345
9465	2.673
9467	4.233
9469	4.153
9471	3.071
9473	3.293
9475	3.083
9482	3.418
9488	3.72
9489	4.022
9492	2.98
9493	3.99
9495	4.056
9496	4.169
9497	4.137
9499	3.141
9502	3.091
9504	4.121
9506	4.024
9510	3.451
9512	4.249
9515	4.024
9516	3.205
9517	3.156
9524	4.073
9525	3.742
9526	3.806
9529	3.725
9530	4.038
9531	3.976
9532	4.364
9535	2.774
9537	2.737
9538	2.818
9540	3.977
9541	4.233
9542	4.121
9544	2.207
9549	3.802
9551	4.137
9554	3.543
9555	3.893
9556	3.941
9557	4.217
9558	3.96
9561	4.201
9562	4.185
9563	4.153
9565	4.137
9567	4.008
9569	4.024
9570	3.08
9572	3.416
9574	3.324
9576	4.105
9577	4.153
9578	4.105
9579	3.342
9580	3.242
9581	3.176
9583	3.242
9591	2.249
9592	2.971
9593	2.205
9594	2.264
9599	3.116
9600	3.377
9602	3.13
9604	4.249
9605	3.768
9607	3.967
9609	3.178
9610	3.731
9615	4.249
9616	4.057
9617	3.747
9624	4.201
9627	3.861
9631	4.332
9632	4.105
9635	4.04
9636	3.945
9638	3.973
9639	3.848
9641	3.929
9643	3.832
9644	4.201
9645	4.105
9646	2.667
9650	2.95
9651	4.121
9653	4.169
9656	3.343
9657	3.217
9659	3.242
9662	4.249
9665	4.006
9666	3.753
9667	3.813
9668	4.022
9675	3.221
9676	2.85
9678	4.153
9680	4.249
9684	3.345
9687	4.169
9689	3.951
9691	3.135
9692	3.459
9694	3.193
9695	3.244
9697	4.024
9698	4.233
9699	4.137
9700	3.047
9701	2.891
9702	3.077
9703	2.966
9704	3.097
9708	4.105
9709	3.614
9710	3.517
9715	4.057
9717	4.105
9718	3.36
9719	3.201
9720	3.278
9721	3.146
9723	4.153
9726	4.073
9730	2.194
9731	2.212
9733	4.04
9736	3.467
9738	3.424
9744	4.137
9746	3.806
9748	3.693
9749	3.806
9752	4.217
9753	4.137
9757	3.086
9758	3.081
9760	1.753
9764	1.14
9765	1.14
9766	1.716
9769	1.146
9770	1.132
9773	1.134
9774	1.145
9776	1.713
9778	1.141
9780	1.14
9784	1.144
9786	2.717
9795	1.138
9799	1.14
9800	1.742
9803	1.135
9805	1.144
9806	1.189
9811	1.114
9814	1.114
9815	1.118
9816	1.123
9817	1.769
9820	1.122
9821	1.118
9825	1.842
9827	1.845
9829	1.111
9836	1.124
9839	1.129
9840	1.128
9841	1.703
9844	1.681
9846	1.148
9847	1.119
9851	1.119
9853	1.122
9856	1.12
9859	1.119
9860	1.12
9863	1.132
9864	1.12
9868	1.12
9870	1.116
9874	1.689
9875	1.113
9876	1.146
9877	2.599
9878	1.12
9879	1.115
9882	1.131
9884	1.122
9885	1.124
9886	1.133
9889	1.126
9893	1.131
9895	1.756
9897	1.732
9900	1.122
9903	1.13
9904	2.656
9905	1.123
9907	1.129
9911	1.123
9912	1.128
9914	1.117
9915	1.184
9916	1.137
9919	1.118
9921	1.128
9922	1.124
9926	1.115
9927	1.125
9934	1.119
9935	1.125
9936	1.116
9938	1.128
9939	2.325
9940	2.633
9942	1.118
9943	1.126
9947	1.626
9948	1.119
9949	2.86
9951	1.121
9955	1.109
9960	1.117
9967	3.085
9968	1.695
9973	1.121
9974	1.121
9976	1.769
9980	1.114
9981	1.113
9982	1.119
9983	1.697
9984	1.112
9985	1.122
9993	1.709
9997	1.119
9998	1.117
9999	1.698
10000	1.127
