pair_ID	relatedness_score
1	4.137
2	3.702
3	3.776
5	3.175
9	3.489
12	3.731
14	3.171
18	3.084
25	2.744
26	2.961
28	3.172
30	4.449
35	3.185
40	3.271
42	3.792
44	4.508
45	3.783
47	2.932
49	3.014
55	4.175
56	4.171
58	3.659
62	3.731
65	3.706
70	4.102
72	3.584
73	4.161
77	3.857
78	4.094
79	3.745
81	2.833
82	2.943
83	2.793
84	3.037
85	2.745
87	3.96
88	3.845
90	4.088
91	3.251
93	2.755
94	2.736
97	2.67
98	4.46
99	4.205
100	4.194
107	3.722
112	2.479
113	2.695
117	2.594
120	4.061
122	4.19
124	2.99
126	2.978
127	2.62
129	4.105
130	4.12
131	3.812
133	4.182
136	2.88
139	3.219
140	4.719
141	3.754
146	3.351
148	3.065
150	3.783
159	4.2
161	3.725
163	3.135
164	3.195
170	4.208
173	3.023
176	2.945
183	3.674
184	2.995
186	3.246
188	3.085
192	4.212
194	3.774
200	4.167
201	3.809
202	4.121
205	3.128
215	3.122
216	2.865
217	2.947
223	3.336
224	3.151
226	3.201
227	3.431
232	3.85
233	4.217
234	2.747
237	2.846
238	2.679
240	3.841
241	4.145
248	3.674
249	2.959
254	3.75
256	3.911
257	2.914
258	2.875
259	3.024
260	2.888
265	3.993
266	3.807
269	3.561
272	3.283
273	4.17
276	3.701
277	2.796
279	3.301
283	3.795
286	2.715
287	3.703
289	3.167
291	4.067
293	4.45
296	2.708
301	3.706
302	4.196
303	4.078
305	3.503
309	3.387
310	3.56
311	4.078
312	3.824
313	4.179
315	3.767
323	4.138
327	2.674
329	2.626
331	3.797
332	4.135
333	3.81
335	3.762
338	2.365
339	3.367
340	4.457
341	3.821
342	3.61
344	3.849
346	2.935
347	3.034
351	4.189
354	4.16
358	3.26
360	3.05
361	3.268
362	4.452
363	3.792
366	3.596
367	3.28
370	3.621
372	3.836
373	3.855
374	4.183
375	3.615
377	3.258
378	2.764
379	2.964
380	2.718
381	2.945
387	3.769
390	3.951
391	4.175
392	3.882
393	3.756
395	3.881
396	2.935
397	2.946
398	3.078
403	4.088
404	3.953
409	2.41
410	2.852
413	3.654
415	4.203
422	3.896
423	3.752
427	3.425
428	3.1
434	4.177
435	3.781
436	4.155
438	2.668
439	2.936
440	3.101
441	3.035
442	3.472
446	4.148
447	3.14
449	2.971
451	2.858
454	3.861
457	3.388
461	2.99
462	3.338
465	3.968
470	3.118
473	4.133
475	3.8
476	3.852
477	3.441
484	4.1
485	4.163
486	3.659
489	3.235
491	4.542
494	4.163
496	3.306
497	3.091
499	2.711
500	2.684
505	4.207
506	3.821
507	3.742
508	3.46
513	2.922
514	3.523
515	4.16
516	3.754
522	3.33
524	3.734
527	3.316
528	3.899
529	3.123
531	3.915
535	2.955
538	2.646
541	4.438
542	3.796
545	4.084
548	2.953
550	3.402
551	3.164
552	2.956
555	3.592
556	3.522
557	4.336
560	3.362
561	3.346
564	3.061
565	2.979
568	4.149
570	4.461
581	4.185
586	3.602
587	3.691
588	3.691
597	2.981
599	3.168
601	4.115
603	4.436
604	4.189
605	3.697
606	3.113
609	2.929
611	2.872
617	4.07
621	2.856
622	3.337
625	3.323
626	3.912
628	3.682
629	4.465
631	4.115
632	3.307
634	2.504
637	2.93
638	3.275
641	3.669
643	3.786
645	3.383
646	2.902
648	3.347
649	2.736
650	2.698
653	4.435
655	4.457
657	3.955
660	2.911
661	3.839
663	3.196
668	3.838
671	2.997
672	2.758
676	3.994
678	3.567
679	4.457
680	3.853
685	3.116
690	4.197
691	3.682
692	4.009
693	3.822
696	3.057
697	3.117
699	2.996
702	4.475
703	4.18
704	4.186
709	3.169
715	3.688
722	3.032
723	3.137
725	3.197
727	3.806
728	4.191
729	4.305
730	3.792
731	3.302
732	3.057
733	3.211
734	3.103
735	3.017
736	3.124
737	4.46
738	4.448
741	4.204
745	2.681
746	2.912
747	3.012
748	2.698
749	2.851
752	4.463
754	3.592
757	3.07
760	3.682
761	4.179
762	4.175
764	3.159
766	3.185
769	3.021
772	4.456
774	3.874
777	2.814
783	4.172
784	4.445
785	4.237
789	3.191
791	3.18
792	2.916
793	3.529
796	4.459
797	3.697
799	2.987
802	2.868
804	3.152
811	2.803
812	2.899
813	2.78
820	3.74
822	2.891
824	2.786
825	2.811
830	4.463
831	3.882
836	3.46
839	3.489
841	3.783
844	4.24
845	3.843
846	2.596
848	2.499
851	2.724
852	2.711
855	3.568
857	4.205
858	4.452
859	3.817
862	3.555
864	3.864
866	4.199
867	4.421
868	3.758
869	4.196
870	3.392
872	3.186
874	3.181
876	3.803
878	4.106
879	3.373
880	3.907
881	3.892
883	3.304
887	3.14
888	3.268
889	3.127
892	4.479
893	4.177
895	3.045
898	3.293
902	3.911
904	3.745
906	3.171
908	3.573
909	3.304
910	3.674
915	4.143
917	3.203
920	3.226
922	3.201
927	3.821
931	3.316
932	2.781
935	3.725
936	3.656
940	3.214
943	3.301
944	2.98
945	2.895
948	4.117
949	3.783
950	4.436
953	3.603
956	3.379
957	2.469
959	3.575
960	4.012
961	3.711
962	3.215
963	4.199
967	3.209
970	2.998
973	3.929
975	3.694
978	3.654
979	3.179
984	3.272
985	3.345
989	4.381
991	3.696
994	2.812
996	2.816
998	2.745
1000	3.8
1002	3.893
1004	3.243
1007	3.301
1008	4.466
1009	4.14
1010	3.486
1016	3.045
1018	3.054
1019	2.999
1021	4.392
1022	4.136
1026	3.236
1028	3.213
1029	3.064
1031	3.294
1033	4.039
1037	3.622
1038	3.024
1043	2.768
1044	3.074
1045	3.929
1046	3.795
1047	3.826
1048	4.463
1049	3.802
1050	3.602
1052	2.939
1053	1.757
1054	2.947
1055	2.763
1057	2.945
1061	4.456
1064	3.229
1065	3.45
1068	3.172
1069	3.114
1074	3.95
1076	3.815
1080	3.3
1082	4.47
1083	3.796
1084	3.771
1087	3.671
1088	3.827
1090	3.508
1091	3.829
1092	3.713
1093	3.28
1094	3.857
1095	4.445
1097	3.658
1099	3.625
1104	1.614
1105	1.617
1108	3.644
1109	4.007
1111	2.46
1112	2.452
1115	2.623
1117	3.843
1118	3.725
1120	3.682
1122	3.769
1128	4.215
1129	4.158
1133	3.02
1135	2.076
1145	1.624
1147	1.592
1149	3.625
1153	3.108
1154	3.507
1155	3.283
1157	4.171
1161	3.253
1162	3.339
1165	3.502
1167	3.812
1169	3.783
1175	3.509
1179	2.507
1180	2.419
1182	2.575
1184	4.451
1188	4.113
1191	3.769
1193	3.913
1194	3.672
1195	4.204
1196	3.593
1200	3.711
1202	3.746
1205	4.13
1206	3.898
1207	3.795
1212	2.797
1213	2.885
1214	2.947
1215	4.128
1219	3.14
1221	3.775
1222	3.474
1227	3.697
1228	3.682
1230	3.209
1239	3.017
1240	3.264
1242	3.808
1244	3.668
1246	2.17
1248	3
1249	2.62
1251	4.096
1255	2.826
1259	3.472
1268	3.657
1270	3.754
1271	2.95
1273	2.575
1274	2.682
1275	2.884
1276	2.508
1280	3.814
1282	2.774
1283	2.583
1284	3.616
1287	4.154
1291	3.7
1292	3.888
1293	3.768
1294	3.624
1297	3.725
1303	2.807
1305	2.489
1308	4.075
1311	3.775
1317	1.707
1318	4.071
1319	4.156
1321	3.326
1326	4.063
1328	3.725
1329	4.062
1335	3.294
1336	3.594
1341	3.73
1342	3.931
1344	3.775
1345	3.437
1346	3.828
1350	3.824
1352	2.032
1354	2.024
1355	3.746
1358	3.602
1359	4.084
1361	4.182
1365	2.713
1368	3.754
1371	3.826
1372	3.53
1373	3.781
1376	3.884
1378	4.737
1379	4.15
1380	3.268
1381	3.703
1384	3.818
1385	4.131
1386	3.925
1387	4.073
1388	3.697
1389	2.751
1399	2.738
1403	4.737
1404	4.172
1405	3.234
1407	2.107
1408	1.634
1409	1.592
1414	3.968
1415	3.783
1417	4.032
1419	3.703
1421	4.124
1427	2.442
1429	2.492
1431	3.778
1432	4.094
1434	3.059
1435	3.158
1438	4.085
1444	3.697
1446	2.638
1448	4.871
1453	1.599
1455	1.621
1458	3.668
1461	1.737
1463	1.749
1464	1.754
1466	4.42
1467	4.15
1473	2.378
1474	2.373
1476	3.631
1479	4.077
1480	3.773
1481	3.797
1482	3.66
1483	4.178
1484	4.421
1486	3.831
1488	3.563
1489	3.623
1494	3.841
1498	3.814
1499	4.073
1501	4.097
1504	4.206
1505	4.164
1509	3.065
1511	4.044
1513	3.841
1514	4.144
1517	1.574
1519	1.599
1521	3.711
1523	4.12
1524	3.725
1527	3.05
1531	4.129
1532	3.743
1534	1.6
1535	1.727
1536	1.727
1538	4.093
1541	3.586
1545	2.744
1547	4.155
1549	3.925
1550	3.726
1551	3.674
1552	2.978
1553	3.726
1557	4.089
1558	4.813
1559	3.783
1563	3.725
1565	4.153
1566	3.744
1570	3.726
1573	1.743
1574	2.804
1575	2.787
1576	2.804
1580	3.871
1582	3.064
1585	2.866
1586	3.536
1587	4.013
1588	3.809
1591	2.96
1592	2.6
1595	3.214
1599	3.763
1601	3.234
1604	3.423
1606	3.359
1607	3.832
1609	3.493
1610	4.458
1612	3.846
1614	4.453
1615	3.645
1618	4.42
1621	3.807
1625	2.553
1626	2.527
1627	3.331
1629	2.838
1631	4.051
1632	2.988
1635	1.618
1639	3.001
1640	4.17
1641	3.81
1643	4.507
1646	3.789
1647	3.74
1648	3.797
1649	3.826
1650	3.696
1651	3.639
1652	4.096
1653	4.154
1655	3.74
1657	3.752
1659	3.088
1660	3.95
1661	3.346
1663	3.975
1668	4.161
1669	4.724
1670	1.718
1671	1.844
1673	1.618
1675	2.625
1677	3.818
1680	4.21
1682	4.158
1687	4.065
1691	3.809
1694	3.754
1697	3.131
1700	3.107
1702	3.253
1705	4.722
1706	4.123
1707	2.423
1708	2.49
1712	4.894
1714	3.754
1715	4.263
1716	4.152
1719	4.16
1721	4.004
1723	4.127
1724	3.83
1729	2.471
1733	2.407
1736	4.608
1741	1.583
1747	4.202
1751	3.487
1753	3.84
1755	3.687
1756	3.519
1757	3.868
1759	3.242
1765	4.444
1766	3.839
1771	3.285
1772	2.973
1773	2.893
1776	2.803
1777	3.16
1780	4.104
1781	3.769
1782	4.069
1783	3.789
1784	3.365
1787	3.154
1789	4.417
1791	3.702
1792	3.826
1798	3.306
1808	2.617
1809	2.868
1812	2.985
1814	3.752
1815	2.888
1818	3.176
1820	2.969
1822	1.807
1823	1.74
1825	1.841
1829	3.982
1830	3.795
1832	2.568
1840	3.728
1841	2.89
1842	4.449
1844	1.602
1846	1.591
1849	1.615
1851	3.734
1852	3.629
1853	3.867
1854	3.253
1866	2.051
1869	2.932
1873	4.096
1874	2.937
1876	3.778
1878	3.779
1879	2.885
1882	2.895
1884	3.298
1886	3.878
1887	3.798
1888	4.54
1892	3.021
1894	3.76
1897	3.523
1898	3.91
1904	2.432
1907	1.573
1908	2.462
1909	4.162
1910	3.328
1912	4.153
1918	2.47
1919	2.449
1921	2.556
1927	3.448
1934	1.785
1935	4.438
1936	3.836
1939	2.469
1940	1.589
1942	2.426
1943	2.469
1946	4.465
1948	2.62
1949	1.643
1954	3.838
1955	3.639
1961	1.786
1963	1.784
1967	4.457
1969	3.201
1970	3.312
1972	3.197
1974	3.738
1975	2.264
1978	3.823
1981	4.148
1984	1.597
1987	1.592
1988	3.869
1989	3.766
1991	4.177
1992	4.184
1993	3.754
1994	3.286
1996	3.083
1999	3.041
2000	3.754
2004	4.095
2005	4.085
2006	3.602
2007	2.656
2008	2.606
2009	2.546
2011	3.653
2012	2.71
2014	4.017
2015	3.81
2016	3.052
2018	4.069
2020	2.841
2023	2.097
2024	2.652
2025	1.625
2027	4.161
2029	2.82
2030	4.135
2035	2.954
2037	3.951
2038	2.781
2040	4.172
2041	3.781
2045	4.216
2047	2.464
2049	2.421
2051	1.636
2052	2.561
2055	3.845
2056	4.169
2059	2.87
2061	3.111
2064	4.111
2066	4.092
2067	4.345
2068	3.812
2070	2.986
2072	2.97
2073	2.986
2075	4.724
2076	3.596
2078	4.279
2079	3.868
2080	3.682
2081	3.231
2082	2.921
2084	3.23
2086	3.037
2087	3.372
2088	4.727
2090	3.685
2091	4.02
2092	3.792
2094	1.634
2097	3.43
2098	2.484
2100	2.534
2102	3.823
2103	3.697
2104	4.445
2105	3.682
2107	2.421
2109	2.697
2112	2.457
2113	2.482
2115	4.207
2117	4.064
2118	3.773
2119	3.218
2121	3.474
2122	3.192
2123	3.693
2124	3.719
2125	3.491
2132	3.174
2136	4.944
2139	4.011
2141	3.391
2144	2.647
2145	3.243
2146	3.177
2148	3.196
2150	4.037
2153	3.659
2163	4.122
2164	4.2
2165	3.83
2167	3.682
2170	4.439
2171	4.713
2172	3.835
2175	3.777
2176	3.75
2179	3.767
2180	3.142
2181	3.839
2183	4.122
2184	3.994
2188	4.003
2192	3.68
2195	3.782
2196	2.339
2198	3.537
2199	3.095
2202	4.204
2203	4.124
2205	4.737
2207	4.201
2208	3.494
2210	3.731
2212	3.519
2213	3.386
2215	4.158
2217	4.151
2218	3.921
2222	4.032
2226	4.152
2228	4.159
2232	4.192
2233	4.188
2234	4.199
2235	4.388
2236	3.726
2238	3.835
2239	3.632
2240	3.407
2242	2.889
2243	3.386
2247	3.852
2250	3.662
2251	3.798
2252	3.901
2253	3.694
2259	3.596
2260	3.597
2261	3.581
2263	4.144
2266	4.452
2272	4.091
2274	4.085
2275	3.91
2277	3.232
2281	3.631
2282	4.443
2287	3.755
2288	4.445
2289	3.73
2291	4.131
2297	3.869
2299	4.096
2302	4.133
2303	3.879
2304	3.448
2305	3.33
2307	3.725
2308	3.331
2309	4.424
2310	3.699
2311	3.746
2314	3.262
2315	3.291
2316	3.296
2317	2.283
2318	3.751
2319	3.435
2322	4.12
2327	3.74
2329	3.815
2330	3.711
2332	3.726
2333	3.616
2338	3.892
2339	3.666
2340	3.371
2341	3.055
2344	2.954
2348	4.206
2350	3.711
2351	3.079
2352	3.079
2358	4.195
2359	3.697
2360	4.451
2363	3.352
2365	3.173
2368	4.439
2369	3.73
2374	4.103
2375	3.845
2377	3.894
2381	4.008
2383	3.12
2386	3.826
2388	3.754
2391	4.156
2397	3.996
2400	3.688
2401	3.519
2407	3.682
2409	3.777
2413	1.616
2414	2.103
2415	3.997
2422	3.332
2423	3.344
2426	3.812
2429	3.766
2431	3.308
2436	2.821
2438	4.457
2440	4.115
2441	3.658
2445	4.457
2447	4.136
2450	3.738
2455	3.419
2456	3.226
2457	3.063
2458	3.548
2459	4.522
2465	3.765
2466	3.634
2467	3.857
2472	3.557
2474	3.953
2486	4.102
2491	3.553
2494	3.466
2495	4.128
2496	4.083
2497	3.19
2499	3.369
2500	3.386
2505	2.882
2506	4.153
2508	3.347
2509	4.512
2510	3.835
2514	3.592
2515	3.578
2518	3.523
2521	3.57
2529	3.835
2530	4.441
2538	4.089
2539	4.151
2540	3.876
2543	3.478
2545	3.419
2549	3.78
2551	3.596
2553	3.68
2554	3.855
2555	4.475
2561	4.156
2569	1.636
2572	3.054
2574	3.816
2577	3.947
2578	3.726
2579	3.814
2582	4.161
2583	3.631
2588	3.826
2589	3.351
2590	3.913
2591	4.164
2592	3.922
2593	3.795
2594	3.256
2596	3.768
2597	3.142
2599	3.855
2601	4.198
2602	4.303
2608	3.701
2615	4.47
2619	3.523
2622	4.449
2623	2.921
2625	4.423
2626	3.838
2627	4.507
2628	3.74
2630	2.772
2632	4.109
2634	3.53
2636	3.653
2637	4.231
2638	3.679
2640	3.64
2643	3.841
2650	2.993
2651	3.006
2654	3.72
2655	4.169
2656	3.882
2657	3.711
2660	2.85
2664	3.997
2666	3.993
2670	3.319
2672	3.276
2673	4.073
2675	4.455
2680	3.61
2682	3.656
2684	4.769
2688	3.36
2689	3.296
2691	3.167
2692	3.266
2696	3.864
2701	3.84
2702	4.47
2703	3.769
2705	3.631
2707	3.332
2708	3.818
2709	3.573
2710	3.775
2711	4.475
2713	4.19
2714	3.835
2715	4.175
2716	3.049
2718	3.44
2724	4.457
2728	2.807
2730	1.635
2731	2.931
2734	3.757
2735	3.983
2739	3.435
2741	3.736
2744	4.828
2748	3.795
2751	4.454
2752	4.124
2754	3.72
2755	3.375
2756	3.071
2757	3.422
2758	3.144
2761	3.766
2763	3.778
2764	3.625
2765	4.119
2768	3.778
2770	3.81
2774	3.84
2775	3.196
2776	3.767
2777	3.709
2778	3.785
2779	3.829
2783	3.839
2784	3.9
2787	4.148
2788	4.202
2789	4.476
2792	3.753
2797	3.621
2799	3.565
2800	4.777
2802	3.109
2803	3.067
2807	4.511
2809	4.039
2811	3.557
2813	3.437
2815	3.512
2817	3.806
2818	3.754
2821	2.941
2827	4.416
2828	3.835
2837	3.787
2838	3.915
2839	3.229
2844	3.775
2845	4.47
2850	3.989
2851	3.922
2853	3.826
2854	4.165
2856	4.169
2857	3.24
2860	3.639
2861	4.019
2862	3.716
2863	3.983
2864	3.468
2865	4.127
2867	3.754
2868	3.573
2870	2.952
2874	3.982
2875	3.767
2879	3.744
2881	4.125
2883	4.806
2890	4.469
2891	4.128
2894	3.496
2896	3.884
2899	4.199
2900	3.098
2903	3.898
2905	3.883
2907	3.953
2908	4.448
2909	3.907
2910	4.477
2913	3.15
2915	3.363
2916	3.255
2917	4.458
2918	4.161
2919	4.442
2920	3.791
2924	3.559
2926	4.898
2927	3.685
2930	3.018
2933	3.085
2935	4.461
2937	4.5
2938	3.754
2939	3.685
2941	3.183
2943	3.769
2945	4.07
2951	3.263
2952	3.543
2955	4.87
2957	4.45
2958	3.792
2959	3.709
2960	3.738
2961	3.898
2964	3.905
2966	4.206
2969	3.898
2970	3.725
2971	3.56
2974	3.913
2976	4.05
2977	4.053
2980	3.438
2981	3.178
2983	3.107
2984	2.816
2988	3.893
2989	3.754
2992	3.239
2994	3.416
2997	4.011
2998	3.881
3005	3.735
3007	3.806
3010	3.23
3014	3.964
3015	4.182
3016	3.705
3018	4.192
3019	3.416
3022	3.405
3024	3.954
3027	3.435
3031	3.414
3038	3.824
3039	4.166
3041	4.165
3042	4.127
3043	3.549
3046	3.756
3047	3.826
3049	3.323
3050	3.855
3054	3.949
3059	4.15
3062	4.448
3065	3.563
3068	3.365
3069	3.563
3071	4.477
3072	4.085
3073	4.732
3079	3.723
3081	4.087
3085	3.602
3091	3.924
3092	3.74
3094	3.158
3097	3.365
3100	3.592
3102	3.048
3110	3.715
3111	4.099
3114	3.462
3121	4.122
3126	3.795
3129	4.446
3130	3.631
3132	3.157
3134	3.079
3140	4.199
3150	3.254
3153	3.783
3156	4.945
3157	3.783
3158	4.313
3161	3.785
3162	3.608
3164	3.311
3165	3.754
3166	3.756
3170	3.895
3182	4.093
3186	3.653
3187	4.523
3188	3.783
3192	2.887
3200	3.838
3201	3.578
3202	3.884
3203	4.916
3208	3.636
3213	3.031
3214	4.075
3217	3.816
3218	3.885
3221	4.151
3223	4.481
3224	3.768
3227	3.711
3228	3.61
3230	4.351
3232	4.111
3238	3.307
3242	3.631
3243	3.783
3248	3.628
3252	3.563
3253	3.52
3254	3.38
3255	3.462
3256	3.563
3257	4.305
3260	4.116
3261	4.947
3262	4.117
3264	4.147
3271	3.266
3272	3.829
3273	3.768
3274	3.781
3277	3.944
3278	3.849
3280	3.789
3281	4.026
3283	3.81
3285	4.02
3286	4.125
3287	3.773
3288	3.653
3294	2.892
3298	4.153
3299	3.695
3303	3.683
3304	3.8
3311	3.059
3313	2.928
3314	3.358
3316	3.766
3319	3.203
3321	3.797
3324	3.754
3325	4.073
3327	3.668
3329	3.838
3330	3.001
3332	2.856
3336	4.121
3339	4.067
3340	3.419
3342	3.103
3344	3.798
3345	3.31
3346	3.754
3347	2.939
3349	3.699
3351	3.131
3353	2.876
3357	4.946
3358	3.696
3359	4.918
3362	3.711
3366	4.121
3367	4.112
3368	2.875
3369	2.81
3370	3.381
3371	3.029
3372	3.462
3374	3.73
3375	4.187
3376	4.148
3378	2.722
3382	2.972
3385	3.838
3386	3.884
3389	3.596
3395	4.426
3396	3.853
3397	2.873
3400	2.882
3405	4.081
3407	3.382
3411	4.477
3412	4.087
3413	4.112
3414	4.126
3416	2.743
3418	2.918
3422	4.478
3424	2.953
3426	4.084
3427	3.078
3428	3.182
3429	3.668
3432	4.086
3435	4.146
3436	3.74
3437	3.861
3438	3.664
3440	3.717
3443	3.752
3444	3.941
3448	3.468
3451	4.457
3452	3.763
3453	4.325
3454	3.864
3461	3.625
3462	4.091
3465	3.74
3467	3.838
3471	4.515
3472	3.725
3479	3.596
3480	4.46
3484	4.219
3486	3.797
3487	3.588
3488	3.709
3491	3.376
3492	3.797
3494	3.761
3496	3.602
3500	4.188
3504	3.855
3507	3.723
3508	3.691
3510	3.884
3511	3.74
3512	3.913
3514	3.262
3516	3.85
3517	3.15
3528	3.592
3529	3.314
3530	3.915
3533	3.982
3534	4.01
3537	4.143
3538	3.502
3539	3.134
3541	3.455
3542	4.004
3543	3.797
3544	4.514
3547	3.783
3548	3.61
3549	2.931
3552	3.495
3554	3.881
3556	3.113
3561	4.071
3565	3.809
3566	3.6
3567	3.884
3568	3.878
3569	3.927
3571	3.482
3572	3.531
3574	3.855
3576	3.717
3577	4.152
3579	3.29
3580	3.602
3582	3.515
3584	4.646
3589	3.709
3592	4.128
3602	2.947
3603	3.841
3607	3.653
3611	3.209
3614	3.132
3618	3.264
3620	3.303
3623	3.565
3624	4.165
3627	3.763
3629	3.619
3630	3.269
3633	3.313
3635	4.092
3638	3.81
3639	3.263
3640	3.284
3643	3.267
3646	4.186
3647	3.996
3649	3.757
3650	3.365
3651	3.1
3653	3.302
3658	3.78
3666	4.448
3668	4.449
3669	3.78
3672	3.035
3673	3.013
3682	3.377
3684	2.888
3685	3.359
3686	2.053
3687	3.391
3689	3.936
3690	3.786
3691	4.458
3692	3.821
3693	4.122
3694	3.735
3695	4.362
3696	3.865
3697	3.613
3699	4.802
3701	4.154
3702	3.641
3703	3.841
3705	3.959
3707	4.159
3708	4.148
3710	4.127
3713	4.478
3719	4.452
3720	3.815
3725	3.778
3727	3.413
3728	4.165
3736	2.863
3737	3.252
3739	2.904
3740	3.252
3742	3.717
3743	4.815
3746	3.33
3748	3.059
3750	4.123
3751	3.758
3752	4.479
3753	4.081
3755	3.682
3756	3.913
3758	3.869
3759	4.449
3761	4.483
3762	3.61
3765	4.446
3766	3.777
3770	4.45
3774	3.838
3776	4.184
3777	4.339
3779	4.21
3780	4.148
3781	3.74
3783	3.326
3784	2.83
3785	3.126
3788	3.163
3789	3.263
3795	3.62
3797	3.37
3799	3.055
3800	3.779
3801	4.318
3803	4.01
3804	4.023
3805	3.653
3807	2.97
3809	3.143
3814	3.653
3820	3.682
3821	3.137
3823	4.123
3825	4.48
3826	3.359
3827	3.994
3828	3.688
3831	4.097
3834	4.157
3836	4.617
3838	3.709
3839	3.635
3840	3.84
3844	3.74
3845	3.936
3846	4.473
3847	3.783
3852	3.12
3853	3.91
3856	4.454
3857	3.85
3860	3.33
3864	3.236
3866	3.668
3868	3.434
3869	4.185
3870	3.444
3871	3.269
3872	3.188
3873	2.873
3874	3.096
3882	3.8
3883	3.567
3884	4.183
3885	3.884
3886	3.855
3887	4.092
3892	3.13
3893	3.682
3895	3.243
3898	2.92
3899	2.866
3901	2.079
3904	4.117
3905	4.193
3908	3.264
3912	3.869
3914	4.169
3915	3.767
3917	3.196
3920	3.355
3921	4.109
3924	4.587
3929	2.688
3930	3.53
3934	4.479
3935	3.682
3936	4.148
3938	3.789
3939	3.711
3940	3.913
3942	3.884
3943	3.915
3947	4.069
3948	3.84
3949	3.913
3951	4.165
3955	3.807
3956	3.074
3957	3.748
3958	3.619
3961	3.119
3970	2.993
3972	4.124
3973	3.653
3976	2.974
3980	4.089
3985	3.238
3986	2.961
3987	3.217
3990	4.121
3992	4.449
3993	3.852
3994	3.436
3995	3.159
3998	2.959
3999	2.826
4002	3.84
4004	4.449
4007	3.992
4012	3.924
4013	3.734
4014	4.152
4017	4.216
4020	4.173
4021	3.939
4028	3.936
4033	3.341
4034	3.044
4036	4.342
4037	3.864
4038	4.92
4040	3.278
4041	2.807
4043	3.026
4045	3.869
4046	3.53
4047	4.165
4049	3.736
4050	3.206
4056	4.484
4058	4.161
4061	3.553
4062	4.141
4063	3.993
4065	3.783
4068	3.257
4069	3.071
4071	3.635
4072	3.278
4074	4.92
4076	4.48
4083	3.783
4084	4.48
4085	4.919
4087	3.637
4088	4.089
4090	3.853
4094	3.4
4100	3.979
4102	3.107
4105	2.95
4108	3.812
4109	4.948
4112	3.254
4113	3.488
4115	3.826
4117	3.853
4118	4.168
4119	3.705
4120	4.158
4123	3.283
4125	3.299
4126	3.483
4127	4.436
4132	4.118
4134	3.754
4136	3.841
4137	3.792
4141	3.115
4142	3.384
4145	4.493
4146	3.743
4147	3.927
4148	3.763
4149	3.142
4152	3.158
4154	4.823
4162	3.653
4163	4.161
4165	4.451
4168	3.379
4173	3.682
4174	4.743
4176	3.429
4178	4.023
4179	3.211
4181	4.088
4183	3.855
4185	4.131
4193	3.754
4194	4.088
4195	3.783
4197	2.724
4199	2.799
4202	3.802
4205	3.846
4207	3.795
4209	3.818
4212	4.443
4213	3.878
4214	3.366
4216	2.89
4219	4.091
4220	3.236
4221	4.447
4223	3.374
4228	3.981
4231	4.088
4232	2.106
4235	2.094
4236	3.552
4238	3.797
4239	4.789
4242	2.963
4244	2.979
4246	3.618
4247	3.367
4248	4.091
4251	3.279
4252	2.946
4253	3.131
4254	3.496
4257	4.668
4259	3.884
4260	4.158
4265	2.813
4266	4.454
4267	3.85
4269	3.806
4272	3.91
4274	3.898
4275	3.838
4277	4.007
4279	3.693
4280	3.855
4282	3.663
4283	3.793
4284	3.913
4287	4.145
4289	2.965
4290	3.826
4291	3.287
4295	4.121
4301	4.602
4304	4.024
4305	3.936
4306	1.132
4307	1.131
4308	1.59
4312	3.74
4315	2.309
4316	4.085
4318	3.117
4320	3.511
4322	3.766
4323	4.092
4325	3.634
4328	3.581
4329	3.861
4338	2.704
4339	2.988
4340	1.599
4341	3.4
4344	3.796
4346	3.38
4347	3.218
4348	2.3
4349	3.142
4350	3.406
4351	4.091
4354	3.622
4357	1.585
4359	1.59
4361	3.84
4363	4.082
4364	3.72
4365	2.994
4369	2.902
4370	3.463
4377	2.972
4378	2.979
4379	3.209
4381	4.086
4382	4.126
4386	4.921
4387	4.078
4390	3.879
4392	4.056
4393	3.693
4394	3.779
4395	3.374
4396	3.377
4398	4.794
4401	3.767
4407	4.094
4408	4.182
4410	3.848
4412	2.919
4414	3.384
4417	3.806
4418	4.734
4426	3.85
4431	1.189
4432	3.262
4439	1.155
4440	1.139
4442	1.136
4443	4.122
4445	3.469
4446	3.781
4447	2.84
4454	3.867
4457	3.549
4458	3.404
4464	4.193
4468	2.993
4469	3.23
4471	4.12
4472	4.708
4473	4.151
4481	4.731
4486	1.573
4487	1.567
4490	4.12
4497	4.123
4498	3.766
4501	4.194
4503	3.113
4507	3.339
4509	3.697
4511	3.792
4513	2.465
4514	2.459
4515	2.542
4516	2.539
4517	4.87
4522	3.348
4523	2.831
4524	3.073
4525	4.077
4526	4.088
4529	3.855
4534	3.206
4540	2.992
4541	3.086
4544	4.921
4549	3.548
4551	3.254
4553	4.516
4556	3.778
4558	3.125
4559	3.103
4562	3.376
4564	4.098
4565	3.864
4567	3.797
4569	3.711
4570	4.095
4573	4.129
4574	3.763
4579	1.18
4580	4.921
4581	3.749
4585	3.711
4590	3.366
4595	1.136
4596	1.157
4597	1.134
4601	3.78
4605	3.552
4606	3.855
4611	4.09
4612	3.769
4616	4.146
4617	3.78
4619	3.85
4626	3.768
4630	1.154
4632	1.158
4633	1.158
4634	4.95
4635	3.754
4636	4.922
4637	3.855
4643	4.14
4644	3.636
4646	3.644
4648	3.631
4651	3.954
4652	3.853
4653	3.728
4656	2.524
4659	2.52
4660	2.482
4662	3.74
4663	4.873
4664	3.858
4665	3.021
4666	2.863
4668	2.843
4669	2.826
4671	4.197
4673	4.133
4674	4.21
4679	3.734
4680	3.835
4681	4.114
4683	4.528
4685	2.83
4686	3.725
4687	2.835
4688	3.969
4689	3.684
4696	3.226
4697	2.916
4699	4.457
4700	3.806
4701	4.444
4702	4.173
4710	3.979
4711	4.188
4712	3.094
4713	3.173
4716	3.19
4717	4.95
4718	3.84
4720	4.122
4724	2.837
4725	2.861
4728	4.139
4729	3.852
4731	3.766
4735	3.3
4740	3.882
4742	3.963
4743	3.409
4745	3.803
4746	2.851
4752	2.858
4753	2.758
4756	2.681
4759	4.095
4760	4.118
4761	2.665
4762	1.133
4763	1.129
4764	2.084
4766	4.089
4769	4.089
4771	2.465
4774	2.565
4777	4.123
4780	3.754
4782	3.725
4788	2.435
4790	2.439
4793	4.023
4794	3.806
4795	4.889
4796	3.668
4797	2.91
4798	3.472
4799	2.877
4800	4.034
4802	4.738
4805	4.794
4806	3.73
4807	3.783
4808	3.253
4810	3.084
4811	3.318
4812	3.047
4813	3.07
4815	4.481
4817	4.904
4819	2.921
4820	2.913
4821	3.624
4822	2.713
4825	3.807
4826	4.146
4832	3.832
4836	3.682
4839	2.802
4842	3.917
4844	4.952
4845	3.783
4847	2.051
4848	2.519
4849	2.505
4853	4.791
4855	2.941
4857	2.883
4858	2.873
4859	2.891
4860	3.855
4863	3.41
4867	1.592
4869	4.528
4872	3.922
4874	2.848
4877	3.38
4879	3.823
4880	4.144
4881	3.839
4882	3.483
4883	3.754
4885	3.274
4886	3.898
4888	3.826
4898	4.087
4900	2.855
4901	1.756
4903	1.764
4905	4.083
4911	1.126
4912	1.128
4913	1.126
4918	3.523
4919	3.671
4921	3.812
4922	3.826
4926	3.781
4928	2.658
4929	2.896
4932	4.157
4933	4.15
4937	4.156
4938	3.826
4940	3.187
4941	3.491
4942	3.696
4944	3.852
4946	3.81
4947	4.117
4948	3.816
4949	1.129
4950	1.134
4951	1.123
4953	1.129
4954	3.922
4957	4.162
4959	2.925
4960	1.167
4961	2.273
4964	3.735
4965	4.529
4967	3.616
4968	2.647
4970	2.672
4971	3.52
4974	3.862
4975	4.085
4977	1.159
4978	1.159
4981	4.873
4982	3.74
4985	1.75
4989	2.855
4990	4.742
4991	3.772
4992	4.951
4996	1.118
4997	1.16
4998	1.134
5000	3.903
5002	4.159
5005	3.708
5007	3.795
5010	4.874
5011	3.7
5012	3.694
5014	3.721
5015	3.351
5017	4.824
5018	4.118
5022	3.251
5023	3.015
5024	3.32
5025	2.883
5026	2.833
5027	3.314
5031	3.767
5032	4.142
5033	3.913
5037	3.773
5039	4.529
5040	3.653
5045	3.097
5046	2.865
5048	4.904
5049	3.896
5050	4.923
5053	1.754
5056	1.731
5058	3.754
5060	3.725
5064	3.323
5072	1.137
5073	1.123
5074	1.122
5078	3.758
5079	2.902
5080	3.031
5081	2.702
5083	3.581
5085	3.78
5086	4.438
5089	1.737
5091	1.619
5092	2.65
5096	4.138
5097	1.123
5100	1.134
5102	4.794
5105	3.682
5107	3.475
5109	2.709
5114	3.882
5115	1.149
5116	1.147
5117	1.141
5121	3.754
5123	3.639
5124	1.735
5125	1.754
5127	1.756
5132	3.864
5133	3.739
5134	3.712
5135	3.917
5136	3.379
5137	3.931
5139	3.816
5141	3.81
5142	1.746
5145	2.497
5147	4.146
5149	4.121
5153	1.132
5154	1.132
5155	1.132
5160	2.758
5161	2.517
5163	2.454
5166	3.878
5167	4.606
5169	2.452
5171	3.409
5175	3.687
5176	4.826
5177	3.81
5178	3.956
5186	4.054
5187	1.123
5189	1.159
5191	1.127
5195	2.316
5197	2.297
5198	2.357
5199	1.2
5201	4.457
5204	3.777
5208	2.693
5212	4.566
5215	2.475
5216	2.382
5219	4.033
5220	3.639
5223	3.316
5225	3.041
5226	3.409
5227	3.463
5231	3.806
5232	2.681
5234	3.176
5236	2.667
5238	3.792
5239	4.449
5242	2.996
5244	3.048
5246	4.666
5247	4.111
5248	4.12
5249	4.117
5251	1.723
5253	1.759
5254	1.759
5258	3.838
5260	3.688
5261	3.428
5262	3.365
5263	3.883
5264	3.659
5267	4.132
5269	4.132
5276	4.141
5277	3.832
5278	3.631
5282	4.145
5288	3.855
5291	3.872
5294	3.855
5296	1.127
5298	1.737
5303	3.853
5304	3.39
5306	3.343
5311	4.795
5313	3.291
5314	2.704
5317	3.855
5318	4.873
5319	3.864
5321	3.72
5324	3.144
5325	2.998
5327	4.124
5333	4.121
5334	4.099
5338	4.126
5340	3.535
5341	3.535
5342	3.636
5345	4.952
5346	3.653
5347	4.825
5348	4.117
5350	4.123
5351	4.65
5356	4.815
5357	3.629
5358	3.423
5359	3.506
5361	3.826
5362	3.941
5369	1.741
5370	1.754
5372	4.12
5376	1.121
5377	1.125
5378	1.136
5379	1.156
5380	1.136
5383	4.797
5384	3.859
5385	3.254
5387	2.952
5389	4.115
5391	4.053
5393	3.777
5395	3.145
5397	2.832
5398	3.556
5399	4.555
5401	4.585
5404	2.514
5405	2.6
5406	2.672
5407	2.666
5409	3.677
5411	3.763
5414	3.079
5415	3.12
5419	3.896
5420	3.869
5423	1.132
5426	4.123
5427	3.725
5429	3.882
5432	4.15
5434	4.149
5435	3.783
5436	4.118
5437	3.941
5439	2.415
5440	3.953
5443	3.682
5446	4.954
5447	3.763
5449	3.74
5455	4.718
5456	4.115
5457	3.04
5458	4.483
5459	2.663
5460	3.768
5462	4.122
5463	3.758
5464	4.925
5466	3.293
5467	3.14
5468	2.74
5471	4.143
5474	3.807
5476	1.756
5477	1.75
5478	2.483
5480	4.203
5483	4.154
5487	2.973
5489	4.531
5491	2.788
5492	3.706
5495	2.297
5496	2.672
5497	3.079
5500	4.084
5501	3.725
5502	2.754
5503	1.747
5504	3.371
5505	1.647
5507	4.924
5510	4.119
5512	2.683
5513	2.719
5514	3.221
5518	4.122
5520	3.003
5521	2.947
5522	3.725
5523	2.918
5525	4.086
5526	3.711
5530	3.682
5531	3.204
5532	3.353
5533	4.08
5534	3.838
5535	3.763
5537	4.116
5538	3.598
5545	4.112
5546	3.777
5548	1.74
5549	2.727
5552	4.145
5553	4.136
5554	4.119
5555	4.118
5556	1.126
5558	1.136
5560	1.129
5561	4.873
5563	4.145
5565	3.155
5568	3.631
5569	3.789
5575	2.857
5580	3.787
5582	4.14
5584	2.346
5586	3.062
5587	3.257
5591	3.821
5593	3.581
5595	4.081
5602	2.762
5603	3.55
5604	2.783
5607	3.842
5608	4.116
5609	3.812
5610	1.747
5612	1.736
5613	1.741
5614	1.738
5615	4.139
5617	4.419
5618	4.21
5619	3.254
5620	3.154
5621	3.304
5623	3.707
5624	4.723
5627	3.777
5632	3.367
5633	4.721
5634	4.109
5637	3.826
5640	2.822
5641	3.572
5642	4.514
5643	4.196
5645	3.795
5646	3.872
5647	3.688
5651	3.797
5653	4.087
5656	1.762
5659	1.745
5663	4.116
5664	3.342
5668	3.674
5671	4.16
5676	4.055
5677	4.434
5678	4.087
5679	4.078
5680	4.925
5683	3.177
5687	4.124
5691	3.329
5693	3.539
5694	3.424
5695	3.496
5696	4.678
5697	3.864
5701	3.767
5710	3.397
5712	4.083
5717	4.137
5718	4.067
5722	4.064
5725	4.925
5728	3.747
5732	3.597
5733	3.553
5736	1.647
5737	1.658
5739	1.662
5740	1.658
5741	4.122
5742	3.846
5744	3.78
5749	3.524
5750	4.151
5751	3.806
5752	4.147
5753	3.679
5755	2.903
5756	2.622
5758	3.495
5761	4.498
5762	4.087
5764	1.722
5765	1.761
5768	1.746
5770	4.873
5772	4.136
5773	3.78
5776	4.76
5777	3.597
5779	4.12
5781	3.855
5787	1.13
5788	4.924
5791	4.079
5792	4.869
5794	4.65
5797	4.119
5801	2.673
5810	1.73
5811	1.752
5812	1.762
5813	1.127
5815	4.088
5816	4.078
5819	1.748
5820	2.534
5821	1.73
5822	1.133
5823	1.75
5824	4.873
5825	4.082
5828	2.724
5829	3.668
5834	3.816
5835	4.955
5839	1.745
5841	1.757
5842	4.125
5845	3.845
5846	4.125
5847	3.687
5848	4.125
5851	3.989
5852	4.139
5853	4.163
5855	3.372
5857	3.247
5859	3.826
5860	4.147
5861	3.853
5864	3.751
5865	2.691
5867	3.68
5874	3.793
5875	4.011
5876	3.051
5879	4.138
5882	3.782
5883	3.674
5885	3.797
5886	3.854
5887	4.157
5890	3.752
5894	1.121
5895	1.121
5898	3.888
5899	4.469
5900	3.592
5901	4.432
5902	4.116
5905	4.556
5906	3.852
5907	4.122
5911	3.03
5918	1.152
5919	1.157
5922	1.644
5923	3.783
5928	2.442
5931	2.592
5936	2.754
5937	3.382
5941	4.176
5943	4.461
5944	3.612
5947	2.985
5948	3.537
5952	4.486
5956	3.5
5960	3.645
5964	3.927
5965	3.809
5966	2.534
5968	1.144
5970	1.177
5975	4.204
5976	4.228
5977	3.52
5978	3.318
5979	3.194
5982	3.603
5983	3.929
5986	3.74
5987	3.637
5988	3.659
5989	3.768
5990	2.925
5991	3.417
5992	3.19
5996	4.007
6000	3.785
6006	4.486
6007	3.825
6014	4.012
6015	3.129
6017	4.572
6020	3.171
6022	2.856
6027	4.4
6028	4.166
6029	3.16
6030	2.914
6032	3.236
6035	4.232
6037	3.864
6038	3.326
6041	2.789
6044	3.316
6045	4.503
6050	2.647
6051	2.892
6052	2.746
6053	2.847
6054	4.496
6056	4.085
6060	1.215
6061	1.21
6065	4.563
6068	1.218
6072	1.198
6075	3.725
6077	3.824
6080	4.165
6082	4.165
6083	4.469
6084	4.112
6085	4.49
6086	3.835
6088	3.387
6092	4.082
6093	3.869
6095	3.95
6096	3.539
6098	3.583
6099	3.193
6101	4.493
6103	4.078
6104	4.48
6105	3.821
6106	3.777
6108	3.173
6109	3.124
6112	3.088
6117	4.113
6120	3.814
6122	4.215
6123	4.485
6127	3.678
6128	3.53
6133	3.345
6135	4.451
6136	4.117
6137	3.238
6144	3.744
6145	4.427
6147	3.258
6150	3.261
6152	4.033
6154	4.593
6155	3.763
6157	1.178
6159	1.173
6160	1.178
6161	4.508
6164	3.82
6169	4.135
6170	4.488
6171	3.75
6174	3.769
6175	3.022
6176	3.002
6178	2.859
6179	2.832
6180	2.786
6183	4.236
6185	4.387
6186	4.173
6187	3.266
6188	3.282
6191	3.353
6193	3.381
6194	4.602
6195	4.187
6197	2.799
6198	2.854
6199	2.105
6200	2.863
6202	3.215
6205	3.555
6206	3.025
6208	2.857
6209	2.98
6211	3.03
6212	3.908
6214	4.485
6215	3.75
6218	4.17
6224	3.874
6225	3.156
6232	4.202
6233	3.783
6234	3.224
6236	3.427
6239	3.894
6241	4.09
6242	3.111
6243	2.991
6246	2.842
6248	4.161
6249	3.806
6250	4.143
6253	3.484
6258	3.509
6259	3.994
6263	3.874
6266	3.725
6267	3.859
6272	3.221
6278	4.06
6286	3.893
6288	3.993
6290	3.847
6291	3.921
6292	3.149
6293	3.161
6295	3.104
6297	4.625
6299	4.154
6300	3.769
6301	3.217
6302	2.964
6305	3.535
6306	4.583
6307	3.908
6308	4.456
6309	3.809
6310	2.883
6311	2.938
6313	2.767
6316	4.215
6317	3.929
6318	4.059
6319	3.337
6321	3.187
6326	4.202
6327	4.489
6333	3.561
6334	3.65
6335	3.994
6336	3.795
6337	4.22
6338	4.467
6342	3.767
6345	3.796
6346	3.946
6347	4.199
6348	4.491
6349	3.821
6350	3.767
6353	3.06
6357	4.456
6359	3.679
6360	3.681
6362	3.34
6363	3.737
6366	4.626
6368	4.128
6370	2.937
6372	2.991
6373	3.053
6375	4.479
6377	4.457
6381	3.126
6382	3.057
6385	3.227
6386	4.158
6387	3.744
6390	2.819
6392	2.907
6395	4.583
6397	4.436
6402	3.071
6404	4.507
6405	3.947
6407	4.238
6411	2.982
6412	2.957
6417	3.912
6419	3.821
6420	3.02
6421	3.145
6423	2.983
6424	3.03
6426	4.563
6429	3.293
6432	3.593
6434	4.019
6443	3.426
6444	3.588
6447	3.623
6448	4.583
6452	2.898
6454	3.464
6458	3.763
6460	4.186
6463	2.909
6467	2.978
6468	4.486
6469	4.474
6470	4.483
6471	3.835
6477	4.492
6478	3.734
6480	3.82
6488	4.522
6489	4.148
6491	2.617
6495	4.192
6496	3.835
6497	4.153
6499	3.599
6500	2.841
6506	3.913
6508	4.468
6510	3.419
6511	3.052
6513	3.239
6514	3.273
6517	3.674
6521	2.88
6527	4.25
6529	3.807
6531	3.783
6532	3.645
6535	3.691
6536	3.771
6540	4.213
6543	3.904
6545	3.861
6546	3.927
6548	4.467
6549	4.151
6550	3.301
6552	3.284
6554	3.328
6555	4.195
6557	4.482
6558	4.215
6559	3.176
6563	3.217
6565	3.907
6566	4.565
6567	4.098
6569	3.035
6572	2.847
6575	4.198
6576	4.22
6578	3.836
6579	3.993
6580	3.971
6582	3.062
6584	4.085
6588	3.141
6589	3.368
6591	3.797
6593	4.036
6595	4.583
6597	3.291
6599	3.346
6600	3.039
6603	4.065
6604	4.196
6605	4.079
6606	3.08
6607	3.124
6610	3.38
6614	3.911
6615	3.417
6617	2.895
6618	3.179
6619	3.294
6620	3.943
6626	3.111
6631	3.725
6632	3.93
6635	3.184
6638	3.206
6640	3.979
6644	3.731
6646	3.491
6647	3.229
6648	3.385
6656	2.521
6657	2.832
6658	2.92
6659	2.769
6664	3.012
6665	2.819
6669	4.464
6670	4.171
6671	4.49
6674	3.039
6675	3.019
6678	4.206
6683	3.278
6684	3.357
6687	4.022
6688	4.069
6692	2.564
6694	2.826
6695	2.855
6696	4.136
6697	4.485
6698	4.54
6700	3.221
6701	3.659
6711	2.995
6714	4.594
6715	3.835
6717	3.711
6720	3.4
6721	3.623
6723	3.767
6725	4.068
6728	4.112
6731	3.484
6733	3.165
6735	4.108
6736	4.485
6738	4.112
6742	3.645
6745	4.489
6746	3.696
6747	4.161
6748	4.141
6750	3.357
6752	3.172
6754	4.461
6757	4.056
6758	3.186
6760	3.053
6761	2.999
6762	2.961
6765	3.726
6766	4.082
6768	3.04
6769	3.424
6770	3.606
6771	3.114
6772	3.022
6773	3.621
6775	3.806
6777	4.167
6778	3.308
6781	3.537
6789	3.209
6791	3.293
6799	3.023
6800	3.048
6802	3.99
6804	3.929
6805	3.058
6810	2.921
6812	4.059
6813	3.734
6814	4.49
6816	3.382
6819	3.43
6822	4.15
6824	4.159
6825	3.809
6830	2.676
6833	3.922
6834	4.505
6840	2.856
6843	4.192
6845	4.178
6847	2.81
6851	2.843
6855	4.169
6857	3.431
6862	4.092
6863	3.996
6865	4.49
6868	3.621
6869	3.728
6870	4.479
6875	3.155
6877	3.517
6879	4.592
6880	3.734
6884	3.108
6885	3.36
6887	3.46
6890	4.495
6894	3.002
6896	3.221
6897	4.481
6899	4.55
6901	3.814
6902	3.625
6903	3.828
6905	3.843
6907	3.536
6913	3.086
6914	3.24
6918	4.566
6919	4.123
6920	3.951
6921	3.146
6922	3.955
6923	3.42
6924	3.546
6927	3.835
6931	2.894
6934	2.919
6940	2.68
6942	2.795
6945	2.749
6946	3.967
6947	3.824
6948	4.083
6950	4.07
6957	4.549
6958	3.653
6964	2.842
6966	1.881
6968	4.173
6969	3.824
6970	4.485
6974	3.094
6975	3.225
6978	3.342
6979	3.727
6980	4.15
6981	4.494
6982	3.821
6983	3.798
6987	3.712
6991	4.21
6992	2.765
6993	2.563
6994	2.763
6995	2.824
6996	2.949
6997	4.59
6998	3.842
7000	3.853
7001	2.83
7004	2.799
7005	2.685
7006	3.9
7008	4.592
7009	3.907
7013	3.714
7016	3.864
7019	4.09
7020	1.882
7021	1.884
7022	1.625
7025	1.89
7026	4.111
7028	4.458
7035	4.766
7040	3.148
7045	3.444
7054	3.731
7056	3.682
7058	3.824
7060	3.699
7061	3.857
7063	4.169
7066	4.196
7070	3.085
7074	4.152
7077	3.534
7081	3.592
7082	4.784
7083	3.896
7084	4.465
7085	4.082
7086	3.893
7087	3.217
7090	2.865
7092	3.147
7094	3.781
7099	3.214
7100	3.046
7101	3.259
7103	3.706
7104	4.604
7105	3.826
7108	3.179
7110	3.385
7116	4.107
7118	3.275
7119	3.676
7120	3.274
7121	3.676
7123	4.196
7124	4.482
7125	4.031
7126	3.853
7127	3.797
7133	4.107
7138	4.099
7139	3.797
7143	3.781
7144	3.682
7145	4.585
7150	3.155
7153	4.584
7155	4.16
7156	3.748
7161	4.089
7164	2.956
7165	4.559
7166	3.951
7185	4.228
7186	4.054
7189	3.421
7196	4.113
7200	2.964
7204	4.48
7205	4.12
7208	3.237
7209	3.699
7210	3.681
7211	3.616
7213	4.481
7217	3.746
7218	3.752
7219	3.674
7221	3.738
7222	4.474
7224	3.821
7226	3.796
7229	3.019
7230	2.999
7234	4.019
7235	3.682
7237	4.108
7239	3.221
7240	3.321
7241	3.434
7242	3.337
7246	4.487
7252	2.959
7262	3.46
7267	3.724
7268	4.486
7269	4.074
7270	3.766
7271	3.594
7274	3.781
7276	3.68
7277	4.475
7280	3.405
7281	3.411
7287	3.863
7291	2.761
7292	3.106
7293	2.77
7294	2.766
7298	3.706
7300	3.348
7302	3.056
7304	4.519
7306	4.23
7309	3.898
7313	4.087
7314	4.381
7315	4.483
7316	3.157
7320	3.727
7322	2.816
7332	3.621
7334	3.722
7335	3.579
7340	3.057
7343	3.125
7344	2.957
7346	4.138
7347	3.83
7349	3.852
7350	3.071
7352	3.222
7353	3.056
7358	3.852
7359	4.494
7362	1.992
7364	3.337
7365	3.115
7367	4.127
7368	4.486
7370	3.896
7371	3.365
7372	3.304
7375	3.372
7381	3.088
7383	2.915
7386	4.486
7388	4.156
7389	3.683
7390	3.486
7391	3.245
7392	3.376
7397	3.927
7398	3.759
7399	3.34
7402	3.206
7404	4.557
7411	3.113
7414	3.734
7416	4.746
7417	4.144
7418	4.664
7419	4.053
7420	3.898
7422	3.836
7423	4.307
7427	3.763
7428	3.754
7432	3.783
7434	4.058
7437	3.564
7438	3.405
7441	3.65
7444	4.171
7446	4.23
7451	2.898
7452	2.882
7454	2.862
7455	4.489
7457	4.717
7459	3.883
7461	2.916
7462	3.267
7468	4.226
7470	4.092
7472	3.04
7474	3.227
7476	3.215
7479	4.485
7481	3.435
7483	3.505
7485	3.46
7486	4.484
7487	3.74
7491	3.314
7492	3.769
7493	3.301
7496	3.037
7497	4.424
7499	4.225
7503	3.492
7504	2.725
7505	3.434
7506	4.475
7507	4.202
7508	4.607
7509	3.921
7511	3.372
7516	3.895
7522	3.058
7525	4.167
7526	4.095
7527	4.441
7532	2.754
7534	3.132
7537	4.212
7539	3.911
7542	3.445
7543	3.385
7545	3.462
7547	4.112
7549	3.809
7550	3.921
7551	4.044
7553	3.787
7554	3.906
7556	4.486
7557	4.577
7558	3.792
7559	4.157
7561	3.172
7563	3.031
7564	3.297
7567	3.907
7569	4.075
7572	3.739
7573	3.579
7576	3.82
7577	4.203
7580	3.372
7581	2.831
7583	3.462
7587	3.806
7588	4.455
7594	3.369
7599	4.093
7603	3.781
7606	4.079
7608	4.41
7609	3.932
7611	3.376
7612	3.609
7613	2.99
7616	3.796
7618	4.477
7619	3.728
7622	3.171
7625	3.187
7629	4.167
7630	3.654
7634	3.797
7636	3.874
7638	3.695
7639	3.814
7641	3.4
7642	3.719
7643	3.387
7647	4.129
7648	4.48
7651	3.176
7652	3.699
7653	3.34
7654	3.54
7657	4.112
7658	4.175
7659	4.474
7660	3.215
7662	3.363
7665	3.407
7666	4.481
7668	4.746
7669	3.701
7670	3.746
7672	3.789
7675	4.425
7678	4.594
7680	2.917
7681	3.102
7682	3.191
7687	3.853
7688	4.154
7689	4.172
7692	3.563
7697	3.78
7699	3.849
7700	2.791
7701	2.898
7702	2.831
7703	2.616
7707	3.687
7711	3.506
7712	3.821
7714	3.71
7716	3.925
7719	3.803
7722	3.342
7723	3.775
7724	4.455
7728	3.077
7729	1.858
7731	1.883
7732	1.85
7733	1.862
7739	3.15
7740	3.038
7741	2.921
7742	2.986
7744	4.61
7746	4.083
7747	4.155
7751	2.91
7752	2.759
7753	2.593
7754	2.796
7755	4.46
7757	3.969
7760	3.214
7763	3.359
7764	3.064
7768	4.462
7769	4.134
7771	3.839
7776	3.853
7777	4.482
7778	3.817
7779	4.481
7780	4.221
7781	2.825
7782	2.966
7784	2.8
7785	2.866
7787	3.708
7790	3.121
7792	2.96
7793	2.81
7794	3.071
7798	4.478
7804	4.139
7805	4.133
7807	3.821
7808	3.329
7810	3.166
7811	2.941
7813	4.139
7817	3.068
7819	3.115
7821	3.04
7822	4.609
7823	4.156
7834	3.751
7836	3.78
7838	4.146
7839	4.263
7841	4.152
7844	3.413
7847	2.609
7849	4.187
7851	4.193
7859	4.148
7861	3.763
7864	3.432
7866	3.739
7867	4.173
7868	4.162
7869	4.182
7872	3.423
7875	3.652
7876	3.608
7878	4.823
7881	4.167
7884	3.626
7887	4.18
7888	3.763
7890	4.174
7891	4.191
7892	4.173
7893	4.173
7896	4.059
7898	4.232
7899	4.182
7900	3.03
7902	3.214
7903	3.012
7906	3.796
7909	4.195
7912	3.221
7917	3.651
7921	3.113
7923	3.318
7925	4.165
7926	4.156
7927	3.936
7933	2.459
7934	4.732
7935	3.708
7936	4.185
7939	2.688
7940	2.724
7946	3.72
7949	3.182
7953	4.171
7954	4.44
7957	3.462
7959	3.032
7963	4.171
7964	3.979
7966	2.975
7967	2.75
7971	3.146
7972	4.188
7973	3.85
7976	3.573
7977	3.206
7980	3.731
7981	4.187
7985	3.608
7986	3.305
7987	3.719
7989	3.385
7990	3.115
7993	3.907
7995	4.461
7996	3.407
7998	3.268
7999	3.175
8002	3.834
8005	1.642
8006	1.647
8010	4.201
8012	4.187
8014	3.202
8018	3.426
8021	4.174
8024	3.695
8025	3.375
8028	4.165
8029	3.821
8031	3.849
8032	3.421
8037	4.215
8038	3.864
8039	4.366
8040	4.144
8041	3.427
8044	3.578
8047	4.178
8049	4.172
8050	3.895
8055	3.888
8058	4.171
8059	3.196
8060	2.859
8064	4.134
8065	4.127
8067	4.142
8068	4.057
8069	3.84
8071	3.306
8072	3.797
8073	4.191
8076	4.167
8077	3.345
8079	3.27
8084	4.172
8089	3.742
8090	3.843
8091	4.434
8092	4.173
8093	4.187
8094	4.156
8095	3.293
8096	3.185
8104	3.278
8105	3.534
8108	3.373
8109	4.179
8110	4.172
8112	3.849
8119	4.166
8120	3.862
8121	3.768
8124	2.931
8126	3.098
8127	3.89
8129	4.18
8130	4.17
8134	3.201
8136	4.186
8143	3.273
8145	4.158
8147	4.137
8152	3.062
8155	3.896
8156	4.422
8157	3.82
8158	3.258
8159	2.871
8161	3.025
8162	3.138
8165	4.457
8168	3.584
8173	4.154
8175	4.145
8177	3.217
8179	3.96
8180	4.035
8184	3.82
8186	3.907
8187	4.158
8189	4.157
8190	4.033
8191	3.81
8192	4.311
8194	3.116
8195	3.136
8196	3.118
8199	4.15
8200	4.143
8201	4.163
8206	3.702
8210	3.826
8211	3.771
8213	3.048
8215	2.957
8216	2.881
8217	4.164
8219	4.155
8223	3.454
8225	3.357
8227	4.144
8228	4.182
8230	3.84
8233	3.23
8246	4.241
8247	4.176
8248	3.481
8249	3.225
8251	3.125
8258	3.659
8264	4.31
8266	3.079
8267	3.114
8269	2.789
8272	4.441
8274	4.109
8276	2.997
8277	3.426
8281	4.168
8282	4.188
8283	3.879
8285	3.849
8288	3.754
8289	4.058
8294	3.826
8296	3.075
8300	4.056
8304	3.531
8305	3.303
8306	3.84
8307	4.336
8312	2.857
8314	2.918
8316	4.112
8317	3.291
8321	2.888
8323	3.049
8325	4.472
8327	4.124
8328	3.904
8329	3.206
8330	3.337
8331	3.264
8333	3.315
8335	4.119
8336	4.135
8338	4.079
8339	3.505
8340	3.68
8345	4.201
8347	3.666
8349	3.738
8351	3.71
8352	4.171
8355	4.175
8356	3.73
8358	3.773
8360	3.701
8363	4.469
8366	3.771
8367	3.633
8368	3.602
8374	3.077
8376	3.218
8377	2.931
8379	4.164
8381	4.174
8384	3.118
8388	4.18
8396	3.184
8400	3.833
8406	3.95
8407	4.164
8409	4.167
8412	4.471
8417	3.857
8419	3.318
8421	3.027
8424	4.376
8425	4.144
8426	4.13
8430	3.036
8431	3.07
8434	3.864
8435	4.295
8437	3.477
8441	3.487
8444	3.93
8446	3.777
8449	3.611
8452	3.749
8453	4.365
8455	3.533
8456	3.407
8457	3.457
8458	3.349
8459	3.407
8460	4.173
8462	4.198
8469	3.969
8470	4.188
8474	3.046
8475	2.897
8476	3.071
8479	4.179
8481	4.16
8482	3.4
8483	3.34
8484	3.412
8486	3.441
8489	4.75
8490	4.141
8492	3.144
8493	3.338
8494	3.469
8501	3.744
8502	3.841
8504	4.137
8506	4.162
8507	4.183
8511	3.357
8512	3.432
8514	4.18
8516	4.146
8517	4.186
8520	3.857
8521	3.757
8524	4.15
8525	4.468
8528	2.005
8529	2.816
8530	2.003
8532	4.163
8536	3.679
8537	3.664
8538	3.521
8541	4.098
8543	3.855
8551	3.911
8555	3.567
8561	4.172
8562	4.109
8563	3.047
8564	3.274
8566	3.062
8567	3.274
8569	4.169
8571	4.065
8572	3.503
8574	3.324
8578	4.128
8581	3.479
8582	3.059
8584	3.049
8586	4.762
8588	4.039
8589	4.202
8590	3.253
8593	2.896
8594	3.225
8596	4.201
8597	3.722
8598	3.706
8600	3.155
8601	3.404
8606	4.388
8607	3.838
8608	3.84
8609	3.303
8610	3.508
8611	3.585
8613	4.413
8614	4.178
8618	2.959
8620	2.915
8622	4.493
8624	3.878
8626	3.019
8627	1.917
8629	3.087
8630	3.057
8631	4.186
8635	3.65
8636	3.301
8637	3.313
8639	3.578
8645	3.374
8646	3.324
8647	2.958
8649	2.923
8651	3.913
8656	3.134
8657	3.74
8663	3.921
8664	3.159
8665	3.002
8668	3.059
8669	4.149
8674	2.981
8675	3.081
8676	3.131
8679	4.141
8680	4.033
8683	2.828
8684	2.803
8685	2.795
8686	2.792
8689	3.927
8690	4.181
8691	3.842
8692	3.768
8696	4.099
8697	3.792
8699	4.18
8702	3.408
8705	4.18
8708	4.188
8709	3.443
8712	3.133
8716	3.925
8719	2.557
8724	3.749
8728	3.752
8738	3.99
8739	3.773
8741	4.185
8742	4.181
8743	4.473
8746	3.694
8748	4.056
8749	4.038
8750	4.165
8751	4.176
8753	3.849
8756	3.717
8757	3.227
8759	4.389
8760	3.728
8766	2.786
8767	2.921
8768	4.237
8775	3.306
8777	4.199
8779	4.187
8781	3.566
8783	3.757
8784	3.638
8787	3.797
8790	3.746
8791	3.428
8794	3.839
8796	4.142
8800	3.965
8801	3.896
8805	4.124
8813	4.152
8814	4.142
8815	4.349
8816	4.05
8822	4.135
8823	4.126
8830	3.374
8834	4.197
8836	3.491
8838	3.116
8842	3.994
8844	3.113
8846	3.151
8848	3.276
8852	4.164
8854	4.066
8856	4.179
8858	4.439
8859	4.191
8862	3.417
8867	3.221
8869	4.104
8873	3.403
8875	3.467
8876	4.106
8878	4.147
8879	4.136
8888	4.125
8892	2.644
8894	4.825
8901	2.967
8902	3.199
8903	4.182
8907	3.318
8908	2.893
8913	3.91
8914	4.191
8915	4.188
8916	2.887
8917	3.512
8918	3.192
8924	4.148
8926	3.284
8932	4.197
8934	3.665
8936	3.753
8937	3.609
8941	4.288
8942	4.133
8943	3.096
8944	2.769
8945	3.248
8948	4.186
8949	4.181
8952	3.771
8955	3.682
8956	3.752
8957	4.191
8958	4.181
8959	4.187
8961	3.326
8964	3.277
8965	3.177
8966	4.322
8967	4.167
8972	3.812
8973	3.344
8976	4.173
8977	3.953
8978	4.155
8980	3.077
8982	3.027
8983	3.221
8987	4.164
8988	2.975
8992	3.781
8994	4.183
8996	3.944
8998	3.225
8999	3.818
9000	3.84
9001	3.392
9005	4.155
9006	4.162
9011	3.826
9015	4.457
9017	2.974
9019	2.791
9021	2.831
9024	4.171
9028	3.201
9030	3.254
9031	3.901
9033	4.17
9035	3.048
9037	3.263
9038	3.116
9039	3.241
9040	4.59
9041	4.163
9044	3.841
9045	3.74
9046	3.829
9050	4.182
9051	4.458
9053	3.491
9054	3.768
9058	3.814
9066	3.666
9067	4.365
9068	4.144
9070	4.174
9071	3.059
9073	2.955
9074	2.93
9075	2.88
9077	4.138
9078	3.927
9080	3.701
9083	2.734
9085	4.353
9086	4.156
9090	2.778
9094	4.082
9095	4.184
9096	3.922
9097	3.871
9098	3.133
9099	3.136
9101	3.173
9103	4.298
9106	3.774
9108	3.065
9109	3.022
9110	2.948
9113	3.792
9117	3.096
9126	2.439
9127	2.754
9129	2.786
9131	3.724
9133	4.142
9134	3.803
9137	3.424
9139	4.21
9140	3.723
9141	4.046
9142	3.849
9146	3.809
9147	4.041
9148	4.131
9150	4.487
9153	2.672
9155	3.105
9156	2.997
9159	4.238
9160	4.159
9161	3.321
9167	4.159
9171	4.04
9172	4.04
9177	3.982
9181	3.162
9183	3.27
9184	4.72
9185	4.1
9186	4.185
9187	3.925
9189	3.185
9192	3.362
9193	4.486
9194	4.189
9196	4.176
9206	3.203
9208	3.146
9212	3.849
9213	3.929
9215	3.122
9222	4.109
9223	3.816
9230	4.145
9233	4.195
9235	3.747
9236	3.728
9238	4.203
9239	4.199
9240	4.187
9241	4.176
9247	4.148
9249	4.18
9250	4.165
9254	1.883
9255	2.577
9259	4.134
9262	3.142
9264	3.304
9269	3.172
9272	2.645
9273	3.032
9274	4.101
9275	4.165
9280	3.541
9281	3.023
9284	4.155
9285	4.457
9288	2.873
9292	4.145
9293	3.791
9295	4.176
9297	3.129
9299	3.049
9300	3.181
9305	3.075
9307	3.033
9308	2.867
9309	3.118
9313	3.644
9315	2.55
9319	4.457
9323	4.193
9326	3.233
9327	2.991
9328	3.166
9329	3.104
9330	4.197
9335	3.753
9337	3.645
9338	3.896
9342	4.194
9343	3.141
9344	2.946
9349	4.155
9350	4.131
9351	4.124
9354	3.252
9356	3.365
9361	3.424
9362	3.438
9367	3.99
9368	4.19
9369	4.181
9370	3.244
9373	3.169
9374	3.02
9375	4.15
9377	4.188
9385	4.128
9386	3.886
9387	3.878
9388	2.625
9389	2.989
9391	2.843
9393	4.19
9394	3.918
9395	4.445
9400	3.746
9402	4.176
9407	2.694
9408	3.465
9412	4.187
9413	4.161
9414	3.665
9423	4.169
9426	3.436
9427	2.913
9430	4.098
9431	4.163
9434	4.172
9435	4.454
9436	4.046
9437	4.192
9438	3.78
9439	4.155
9442	3.448
9444	3.166
9445	3.076
9447	4.217
9448	4.177
9449	3.74
9451	4.137
9455	3.309
9456	3.711
9457	3.68
9461	3.879
9462	3.346
9465	2.673
9467	4.193
9469	4.128
9471	3.069
9473	3.291
9475	3.082
9482	3.421
9488	3.719
9489	3.857
9492	2.978
9493	3.767
9495	4.072
9496	4.186
9497	4.185
9499	3.143
9502	3.093
9504	4.121
9506	4.1
9510	3.451
9512	4.37
9515	4.162
9516	3.206
9517	3.157
9524	4.144
9525	3.725
9526	3.783
9529	3.711
9530	3.87
9531	4.16
9532	4.433
9535	2.782
9537	2.745
9538	2.819
9540	3.95
9541	4.194
9542	4.189
9544	2.117
9549	3.783
9551	4.181
9554	3.543
9555	3.719
9556	3.763
9557	4.149
9558	4.14
9561	4.06
9562	4.054
9563	4.052
9565	4.052
9567	4.071
9569	4.133
9570	3.082
9572	3.416
9574	3.327
9576	4.166
9577	4.168
9578	4.166
9579	3.343
9580	3.243
9581	3.174
9583	3.243
9591	2.278
9592	2.969
9593	2.184
9594	2.31
9599	3.114
9600	3.377
9602	3.131
9604	4.338
9605	3.749
9607	3.896
9609	3.179
9610	3.65
9615	4.456
9616	4.155
9617	3.664
9624	4.195
9627	3.652
9631	4.166
9632	4.173
9635	4.171
9636	3.907
9638	3.814
9639	3.773
9641	3.893
9643	3.82
9644	4.051
9645	4.127
9646	2.666
9650	2.949
9651	4.183
9653	4.168
9656	3.343
9657	3.218
9659	3.243
9662	4.321
9665	3.843
9666	3.756
9667	3.648
9668	3.857
9675	3.222
9676	2.848
9678	4.196
9680	4.334
9684	3.391
9687	4.13
9689	3.913
9691	3.133
9692	3.459
9694	3.194
9695	3.244
9697	4.148
9698	4.203
9699	4.199
9700	3.045
9701	2.889
9702	3.075
9703	2.964
9704	3.095
9708	4.183
9709	3.746
9710	3.659
9715	4.176
9717	4.126
9718	3.361
9719	3.202
9720	3.278
9721	3.148
9723	4.129
9726	4.163
9730	2.273
9731	2.291
9733	4.123
9736	3.467
9738	3.424
9744	4.226
9746	3.781
9748	3.681
9749	3.781
9752	4.17
9753	4.167
9757	3.084
9758	3.079
9760	1.763
9764	1.142
9765	1.142
9766	1.757
9769	1.139
9770	1.118
9773	1.124
9774	1.143
9776	1.75
9778	1.145
9780	1.142
9784	1.146
9786	2.721
9795	1.147
9799	1.13
9800	1.798
9803	1.127
9805	1.149
9806	1.19
9811	1.131
9814	1.111
9815	1.106
9816	1.127
9817	1.736
9820	1.125
9821	1.107
9825	1.767
9827	1.768
9829	1.086
9836	1.117
9839	1.126
9840	1.117
9841	1.77
9844	1.73
9846	1.147
9847	1.117
9851	1.105
9853	1.117
9856	1.118
9859	1.116
9860	1.119
9863	1.128
9864	1.106
9868	1.118
9870	1.117
9874	1.765
9875	1.129
9876	1.146
9877	2.586
9878	1.112
9879	1.099
9882	1.132
9884	1.146
9885	1.125
9886	1.124
9889	1.122
9893	1.126
9895	1.75
9897	1.745
9900	1.119
9903	1.13
9904	2.659
9905	1.116
9907	1.124
9911	1.121
9912	1.122
9914	1.097
9915	1.183
9916	1.13
9919	1.099
9921	1.129
9922	1.129
9926	1.099
9927	1.121
9934	1.116
9935	1.103
9936	1.102
9938	1.111
9939	3.11
9940	2.591
9942	1.113
9943	1.129
9947	1.768
9948	1.115
9949	2.862
9951	1.115
9955	1.088
9960	1.111
9967	3.087
9968	1.757
9973	1.121
9974	1.121
9976	1.76
9980	1.113
9981	1.094
9982	1.103
9983	1.748
9984	1.125
9985	1.111
9993	1.778
9997	1.115
9998	1.105
9999	1.738
10000	1.126
