pair_ID	relatedness_score
1	4.115
2	3.773
3	3.62
5	3.153
9	3.173
12	3.599
14	3.267
18	3.169
25	2.566
26	2.698
28	3.144
30	4.204
35	3.152
40	3.378
42	3.798
44	4.313
45	3.924
47	2.884
49	2.939
55	4.231
56	4.145
58	3.505
62	3.577
65	3.585
70	4.018
72	3.56
73	4.143
77	4.099
78	3.878
79	3.618
81	2.798
82	2.842
83	2.771
84	3.096
85	2.697
87	4.035
88	3.881
90	3.813
91	3.36
93	2.642
94	2.545
97	2.568
98	4.377
99	4.234
100	4.145
107	3.768
112	2.334
113	2.527
117	2.47
120	3.807
122	4.204
124	3.01
126	2.82
127	2.53
129	4.193
130	3.767
131	3.795
133	4.13
136	2.809
139	3.105
140	4.319
141	3.79
146	3.144
148	2.88
150	3.789
159	3.911
161	3.69
163	3.208
164	3.183
170	4.292
173	2.939
176	2.894
183	3.664
184	2.859
186	3.329
188	3.138
192	3.965
194	3.837
200	4.117
201	3.842
202	4.087
205	3.174
215	3.095
216	2.925
217	2.989
223	3.174
224	2.985
226	3.346
227	3.139
232	3.847
233	4.235
234	2.634
237	2.615
238	2.55
240	3.84
241	4.028
248	3.557
249	2.947
254	3.726
256	3.988
257	2.854
258	2.969
259	2.983
260	2.825
265	4.144
266	3.87
269	3.47
272	3.156
273	4.108
276	3.84
277	2.471
279	3.391
283	3.77
286	2.493
287	3.574
289	3.181
291	3.95
293	4.305
296	2.729
301	3.752
302	4.139
303	4.133
305	3.369
309	3.255
310	3.427
311	4.158
312	3.952
313	4.08
315	3.875
323	3.976
327	2.761
329	2.748
331	3.87
332	3.781
333	3.999
335	3.802
338	2.252
339	3.192
340	4.406
341	3.772
342	3.415
344	4
346	2.892
347	2.935
351	4.253
354	4.264
358	3.194
360	3.065
361	3.264
362	4.318
363	3.794
366	3.688
367	3.166
370	3.592
372	3.869
373	3.85
374	4.082
375	3.48
377	2.947
378	2.569
379	2.944
380	2.792
381	2.981
387	3.803
390	4.048
391	4.345
392	3.987
393	3.896
395	3.921
396	3.079
397	3.077
398	3.085
403	3.971
404	4.128
409	2.363
410	2.524
413	3.633
415	4.154
422	4.113
423	3.758
427	3.46
428	2.96
434	4.208
435	3.81
436	3.774
438	2.71
439	2.689
440	2.794
441	2.924
442	3.219
446	3.977
447	2.677
449	2.647
451	2.904
454	3.938
457	3.209
461	2.936
462	3.272
465	4.05
470	3.058
473	4.123
475	3.765
476	3.852
477	3.319
484	4.186
485	4.05
486	3.732
489	3.196
491	4.202
494	4.349
496	3.414
497	2.887
499	2.66
500	2.429
505	4.248
506	3.787
507	3.899
508	3.257
513	2.815
514	3.568
515	4.042
516	3.712
522	2.98
524	3.819
527	3.059
528	3.981
529	2.841
531	4.084
535	2.833
538	2.208
541	4.366
542	3.972
545	3.722
548	2.934
550	2.974
551	2.834
552	2.928
555	3.542
556	3.544
557	4.488
560	3.387
561	3.435
564	3.012
565	3.05
568	3.984
570	4.427
581	4.142
586	3.54
587	3.772
588	3.703
597	2.902
599	3.224
601	4.006
603	4.431
604	4.025
605	3.675
606	3.221
609	2.855
611	2.811
617	4.029
621	3.013
622	3.375
625	3.453
626	3.923
628	3.861
629	4.376
631	3.723
632	3.272
634	2.417
637	3.023
638	3.258
641	3.748
643	3.874
645	3.143
646	2.857
648	3.448
649	2.741
650	2.649
653	4.251
655	4.4
657	3.743
660	2.693
661	3.865
663	3.319
668	3.821
671	2.974
672	2.332
676	4.163
678	3.627
679	4.349
680	3.818
685	3
690	4.077
691	3.656
692	4.189
693	4.062
696	3.063
697	2.988
699	2.936
702	4.465
703	4.14
704	4.041
709	3.055
715	3.53
722	2.953
723	3.215
725	3.043
727	3.741
728	4.08
729	4.327
730	3.882
731	3.354
732	2.801
733	3.305
734	3.185
735	3.15
736	3.206
737	4.462
738	4.391
741	4.187
745	2.625
746	2.882
747	2.939
748	2.416
749	2.776
752	4.451
754	3.72
757	3.244
760	3.595
761	3.939
762	4.223
764	3.09
766	3.182
769	2.981
772	4.427
774	4.052
777	2.863
783	3.956
784	4.308
785	4.206
789	3.303
791	3.199
792	2.782
793	3.521
796	4.411
797	3.73
799	3.026
802	2.804
804	3.222
811	2.904
812	2.901
813	2.8
820	3.722
822	2.903
824	2.881
825	2.833
830	4.44
831	4.009
836	3.394
839	3.423
841	3.726
844	4.19
845	3.887
846	2.419
848	2.193
851	2.578
852	2.647
855	3.491
857	4.15
858	4.268
859	4.059
862	3.529
864	3.942
866	4.126
867	4.508
868	3.793
869	4.09
870	3.6
872	3.116
874	2.858
876	3.661
878	3.954
879	3.436
880	3.861
881	4.047
883	3.374
887	3.101
888	3.507
889	3.163
892	4.537
893	3.894
895	3.056
898	3.219
902	4.015
904	3.773
906	3.048
908	3.582
909	3.375
910	3.419
915	4.048
917	3.295
920	3.307
922	3.293
927	3.817
931	3.363
932	2.683
935	3.695
936	3.496
940	3.199
943	3.406
944	3.041
945	3.061
948	3.9
949	3.784
950	4.27
953	3.571
956	3.411
957	2.347
959	3.542
960	4.189
961	3.533
962	3.418
963	4.287
967	2.973
970	3.001
973	4.092
975	3.582
978	3.564
979	3.045
984	2.971
985	3.026
989	4.329
991	3.525
994	2.867
996	2.725
998	2.731
1000	3.91
1002	3.954
1004	2.86
1007	2.906
1008	4.453
1009	4.017
1010	3.524
1016	3.144
1018	2.943
1019	2.774
1021	4.509
1022	3.972
1026	3.084
1028	3.184
1029	3.068
1031	3.175
1033	3.74
1037	3.667
1038	2.973
1043	2.544
1044	3.002
1045	4.176
1046	3.823
1047	3.792
1048	4.45
1049	3.93
1050	3.431
1052	2.819
1053	1.805
1054	3.035
1055	2.576
1057	2.725
1061	4.407
1064	3.299
1065	3.425
1068	3.286
1069	2.921
1074	4.117
1076	4.036
1080	3.381
1082	4.445
1083	3.861
1084	3.878
1087	3.748
1088	3.888
1090	3.299
1091	4.005
1092	3.682
1093	3.249
1094	4.091
1095	4.522
1097	3.558
1099	3.472
1104	1.681
1105	1.58
1108	3.544
1109	4.228
1111	2.361
1112	2.167
1115	2.513
1117	4.062
1118	3.592
1120	3.549
1122	3.615
1128	4.114
1129	4.278
1133	3.021
1135	2.675
1145	1.885
1147	1.711
1149	3.539
1153	3.085
1154	3.568
1155	3.185
1157	4.409
1161	3.239
1162	3.317
1165	3.549
1167	3.724
1169	3.696
1175	3.365
1179	2.305
1180	2.265
1182	2.398
1184	4.386
1188	4.074
1191	3.795
1193	4.11
1194	3.549
1195	4.333
1196	3.699
1200	3.55
1202	3.729
1205	4.216
1206	3.955
1207	3.786
1212	2.755
1213	2.96
1214	2.841
1215	4.173
1219	3.041
1221	3.607
1222	3.562
1227	3.566
1228	3.554
1230	3.108
1239	3.062
1240	3.305
1242	3.942
1244	3.54
1246	1.861
1248	2.826
1249	2.524
1251	3.942
1255	2.515
1259	2.986
1268	3.555
1270	3.665
1271	2.612
1273	2.233
1274	2.306
1275	2.896
1276	2.371
1280	3.81
1282	2.941
1283	2.445
1284	3.423
1287	4.272
1291	3.76
1292	3.885
1293	3.765
1294	3.464
1297	3.664
1303	2.765
1305	2.501
1308	3.58
1311	3.719
1317	1.676
1318	3.996
1319	3.895
1321	3.433
1326	3.853
1328	3.648
1329	3.824
1335	3.237
1336	3.524
1341	3.663
1342	3.949
1344	3.569
1345	3.54
1346	3.865
1350	3.829
1352	2.822
1354	2.661
1355	3.713
1358	3.417
1359	3.784
1361	4.027
1365	2.633
1368	3.736
1371	3.697
1372	3.364
1373	3.825
1376	3.928
1378	4.624
1379	4.209
1380	3.154
1381	3.649
1384	3.705
1385	4.151
1386	3.925
1387	4.274
1388	3.617
1389	2.795
1399	2.479
1403	4.675
1404	4.394
1405	2.964
1407	2.037
1408	1.786
1409	1.951
1414	4.079
1415	3.676
1417	3.964
1419	3.428
1421	4.023
1427	2.161
1429	2.189
1431	3.724
1432	3.97
1434	2.996
1435	3.114
1438	3.798
1444	3.66
1446	2.428
1448	4.4
1453	1.847
1455	1.762
1458	3.631
1461	1.629
1463	1.693
1464	1.81
1466	4.409
1467	4.178
1473	2.438
1474	2.424
1476	3.449
1479	4.026
1480	3.689
1481	3.918
1482	3.415
1483	4.371
1484	4.328
1486	3.949
1488	3.467
1489	3.555
1494	3.815
1498	3.804
1499	4.25
1501	4.147
1504	4.341
1505	4.237
1509	3.044
1511	4.015
1513	3.775
1514	4.028
1517	1.789
1519	1.86
1521	3.686
1523	3.928
1524	3.659
1527	2.901
1531	4.113
1532	3.562
1534	1.663
1535	1.675
1536	1.675
1538	3.984
1541	3.507
1545	2.595
1547	4.442
1549	4.088
1550	3.726
1551	3.504
1552	2.935
1553	3.709
1557	3.912
1558	4.467
1559	3.741
1563	3.674
1565	4.414
1566	3.664
1570	3.775
1573	2.293
1574	2.682
1575	2.479
1576	2.682
1580	3.916
1582	2.862
1585	2.77
1586	3.408
1587	4.145
1588	3.74
1591	2.812
1592	2.413
1595	3.133
1599	3.861
1601	3.401
1604	3.553
1606	3.473
1607	3.816
1609	3.42
1610	4.302
1612	3.789
1614	4.299
1615	3.63
1618	4.399
1621	3.806
1625	2.255
1626	2.711
1627	3.386
1629	2.415
1631	3.801
1632	3.14
1635	1.823
1639	2.825
1640	4.359
1641	3.911
1643	4.294
1646	3.603
1647	3.595
1648	3.793
1649	3.653
1650	3.677
1651	3.516
1652	4.185
1653	4.428
1655	3.625
1657	3.817
1659	2.786
1660	4.142
1661	3.468
1663	4.149
1668	3.99
1669	4.584
1670	1.703
1671	1.705
1673	1.612
1675	2.537
1677	3.756
1680	4.395
1682	3.891
1687	3.719
1691	3.795
1694	3.795
1697	2.836
1700	2.766
1702	2.928
1705	4.583
1706	4.035
1707	2.465
1708	2.277
1712	4.6
1714	3.678
1715	4.303
1716	3.898
1719	4.157
1721	3.979
1723	4.121
1724	3.747
1729	2.504
1733	2.435
1736	4.071
1741	1.652
1747	4.078
1751	3.531
1753	3.975
1755	3.64
1756	3.521
1757	3.916
1759	3.3
1765	4.48
1766	3.963
1771	3.16
1772	2.77
1773	2.801
1776	2.557
1777	3.089
1780	4.236
1781	3.674
1782	3.994
1783	3.771
1784	3.185
1787	3.161
1789	4.472
1791	3.644
1792	3.829
1798	3.203
1808	2.492
1809	2.816
1812	2.989
1814	3.647
1815	2.698
1818	3.078
1820	2.899
1822	2.338
1823	2.268
1825	2.393
1829	4.21
1830	3.837
1832	2.391
1840	3.767
1841	3.028
1842	4.409
1844	1.565
1846	1.603
1849	1.56
1851	3.904
1852	3.397
1853	3.964
1854	3.252
1866	2.626
1869	2.834
1873	4.102
1874	2.966
1876	3.827
1878	3.928
1879	2.96
1882	2.865
1884	3.223
1886	3.897
1887	3.732
1888	4.274
1892	2.971
1894	3.651
1897	3.699
1898	4.103
1904	2.222
1907	1.895
1908	2.605
1909	4.102
1910	3.47
1912	4.417
1918	2.642
1919	2.361
1921	2.367
1927	3.575
1934	1.748
1935	4.536
1936	3.907
1939	2.333
1940	2.039
1942	2.572
1943	2.333
1946	4.454
1948	2.726
1949	1.696
1954	3.993
1955	3.55
1961	1.782
1963	1.942
1967	4.402
1969	3.103
1970	3.407
1972	3.061
1974	3.749
1975	1.953
1978	3.818
1981	4.304
1984	1.648
1987	1.573
1988	3.975
1989	3.694
1991	4.282
1992	3.919
1993	3.738
1994	3.264
1996	3.001
1999	2.759
2000	3.844
2004	4.25
2005	4.064
2006	3.37
2007	2.447
2008	2.418
2009	2.712
2011	3.582
2012	2.847
2014	4.054
2015	3.847
2016	3.082
2018	3.994
2020	2.792
2023	1.943
2024	2.7
2025	2.13
2027	4.134
2029	2.411
2030	4.27
2035	2.655
2037	3.14
2038	2.786
2040	4.359
2041	3.854
2045	4.16
2047	2.374
2049	2.367
2051	1.664
2052	2.504
2055	4.252
2056	4.373
2059	2.864
2061	3.267
2064	4.172
2066	3.853
2067	4.336
2068	3.788
2070	2.948
2072	3.006
2073	3.167
2075	4.473
2076	3.474
2078	4.265
2079	3.946
2080	3.57
2081	3.148
2082	3.062
2084	3.163
2086	3.23
2087	3.478
2088	4.604
2090	3.806
2091	4.111
2092	3.777
2094	1.733
2097	3.176
2098	2.308
2100	2.336
2102	3.817
2103	3.638
2104	4.254
2105	3.585
2107	2.102
2109	2.72
2112	2.175
2113	2.19
2115	3.961
2117	4.158
2118	3.815
2119	3.253
2121	3.203
2122	3.252
2123	3.814
2124	3.666
2125	3.441
2132	3.467
2136	4.501
2139	4.092
2141	3.461
2144	1.967
2145	3.147
2146	2.96
2148	3.264
2150	3.82
2153	3.589
2163	4.085
2164	4.264
2165	3.876
2167	3.544
2170	4.285
2171	4.618
2172	3.836
2175	3.821
2176	3.794
2179	3.611
2180	3.211
2181	3.735
2183	4.165
2184	4.148
2188	4.036
2192	3.642
2195	3.817
2196	2.371
2198	3.648
2199	2.859
2202	4.199
2203	4.09
2205	4.632
2207	4.023
2208	3.627
2210	3.668
2212	3.598
2213	3.505
2215	4.466
2217	4.026
2218	3.956
2222	3.906
2226	4.413
2228	4.16
2232	4.358
2233	4.109
2234	4.401
2235	4.341
2236	3.782
2238	3.783
2239	3.54
2240	3.552
2242	2.884
2243	3.356
2247	3.856
2250	3.579
2251	3.716
2252	4.02
2253	3.772
2259	3.421
2260	3.38
2261	3.406
2263	3.985
2266	4.361
2272	4.134
2274	4.101
2275	4.081
2277	3.219
2281	3.442
2282	4.479
2287	3.803
2288	4.493
2289	3.735
2291	4.336
2297	3.804
2299	4.257
2302	4.429
2303	3.992
2304	3.346
2305	3.324
2307	3.576
2308	3.335
2309	4.501
2310	3.643
2311	3.652
2314	3.32
2315	3.485
2316	3.468
2317	1.955
2318	3.828
2319	3.594
2322	4.351
2327	3.675
2329	3.765
2330	3.646
2332	3.694
2333	3.462
2338	3.935
2339	3.479
2340	3.332
2341	2.969
2344	2.851
2348	4.181
2350	3.566
2351	3.11
2352	3.11
2358	4.162
2359	3.865
2360	4.306
2363	3.195
2365	3.159
2368	4.445
2369	3.778
2374	4.257
2375	3.893
2377	3.831
2381	3.88
2383	3.114
2386	3.902
2388	3.748
2391	4.228
2397	4.185
2400	3.526
2401	3.634
2407	3.556
2409	3.762
2413	1.659
2414	1.869
2415	4.113
2422	3.216
2423	3.529
2426	3.538
2429	3.764
2431	3.423
2436	2.867
2438	4.333
2440	4.161
2441	3.682
2445	4.45
2447	4.154
2450	3.632
2455	3.51
2456	3.236
2457	3.043
2458	3.467
2459	4.243
2465	3.867
2466	3.544
2467	3.981
2472	3.444
2474	4.133
2486	4.376
2491	3.267
2494	3.181
2495	4.381
2496	3.979
2497	2.938
2499	3.387
2500	2.881
2505	2.935
2506	4.473
2508	3.28
2509	4.433
2510	3.949
2514	3.582
2515	3.634
2518	3.585
2521	3.646
2529	3.894
2530	4.459
2538	4.086
2539	4.4
2540	3.972
2543	3.477
2545	3.519
2549	3.815
2551	3.489
2553	3.736
2554	4.018
2555	4.404
2561	4.23
2569	1.901
2572	3.165
2574	3.833
2577	4.136
2578	3.687
2579	3.904
2582	4.182
2583	3.473
2588	3.891
2589	3.229
2590	4.075
2591	4.297
2592	4.009
2593	3.918
2594	3.446
2596	3.813
2597	3.124
2599	3.737
2601	4.301
2602	4.589
2608	3.675
2615	4.51
2619	3.583
2622	4.471
2623	2.907
2625	4.349
2626	3.9
2627	4.299
2628	3.689
2630	2.574
2632	4.256
2634	3.041
2636	3.583
2637	4.05
2638	3.888
2640	3.613
2643	4.004
2650	2.823
2651	2.894
2654	3.776
2655	4.265
2656	3.995
2657	3.608
2660	2.854
2664	4.057
2666	4.174
2670	3.365
2672	3.28
2673	4.276
2675	4.358
2680	3.601
2682	3.626
2684	4.4
2688	3.347
2689	3.306
2691	3.169
2692	3.446
2696	3.881
2701	3.843
2702	4.51
2703	3.701
2705	3.618
2707	3.463
2708	3.837
2709	3.231
2710	3.712
2711	4.307
2713	4.396
2714	3.79
2715	4.138
2716	2.962
2718	3.507
2724	4.395
2728	2.787
2730	1.984
2731	2.973
2734	3.81
2735	4.149
2739	3.507
2741	3.593
2744	4.469
2748	3.99
2751	4.358
2752	4.283
2754	3.793
2755	3.484
2756	2.943
2757	3.266
2758	3.167
2761	3.831
2763	3.798
2764	3.553
2765	3.948
2768	3.749
2770	3.732
2774	3.757
2775	3.249
2776	3.932
2777	3.937
2778	3.777
2779	3.977
2783	3.935
2784	3.983
2787	4.087
2788	4.354
2789	4.412
2792	3.802
2797	3.753
2799	3.605
2800	4.599
2802	2.995
2803	3.087
2807	4.415
2809	4.243
2811	3.591
2813	3.565
2815	3.607
2817	3.76
2818	3.684
2821	2.871
2827	4.477
2828	3.852
2837	3.742
2838	4.062
2839	3.333
2844	3.695
2845	4.457
2850	3.965
2851	4.017
2853	3.924
2854	4.286
2856	4.308
2857	3.229
2860	3.599
2861	3.815
2862	3.696
2863	4.14
2864	3.452
2865	4.35
2867	3.65
2868	3.481
2870	3.188
2874	4.163
2875	3.708
2879	3.739
2881	4.321
2883	4.581
2890	4.443
2891	4.314
2894	3.3
2896	4.027
2899	4.226
2900	3.126
2903	4.06
2905	3.912
2907	4.052
2908	4.403
2909	3.963
2910	4.433
2913	3.069
2915	3.462
2916	3.21
2917	4.389
2918	4.094
2919	4.335
2920	3.75
2924	3.598
2926	4.65
2927	3.573
2930	3.126
2933	2.936
2935	4.411
2937	4.266
2938	3.729
2939	3.703
2941	3.373
2943	3.717
2945	4.187
2951	3.132
2952	3.63
2955	4.606
2957	4.41
2958	3.754
2959	3.749
2960	3.867
2961	3.895
2964	4
2966	4.059
2969	3.907
2970	3.804
2971	3.684
2974	3.99
2976	3.978
2977	4.05
2980	3.529
2981	3.119
2983	3.221
2984	2.671
2988	4.039
2989	3.716
2992	3.136
2994	3.252
2997	4.147
2998	3.919
3005	3.716
3007	3.779
3010	3.226
3014	4.058
3015	4.272
3016	3.863
3018	4.203
3019	3.473
3022	3.144
3024	4.132
3027	3.5
3031	3.398
3038	3.927
3039	4.286
3041	4.286
3042	4.394
3043	3.484
3046	3.884
3047	3.894
3049	3.377
3050	3.996
3054	3.751
3059	4.367
3062	4.377
3065	3.689
3068	3.546
3069	3.697
3071	4.429
3072	3.994
3073	4.527
3079	3.581
3081	4.224
3085	3.313
3091	4.082
3092	3.78
3094	3.164
3097	3.449
3100	3.584
3102	3.171
3110	3.654
3111	4.352
3114	3.349
3121	3.879
3126	3.976
3129	4.404
3130	3.379
3132	3.083
3134	3.02
3140	4.005
3150	3.347
3153	3.838
3156	4.625
3157	3.67
3158	4.585
3161	3.938
3162	3.645
3164	3.55
3165	3.618
3166	3.849
3170	3.916
3182	4.215
3186	3.541
3187	4.179
3188	3.657
3192	2.85
3200	4.009
3201	3.674
3202	3.898
3203	4.566
3208	3.744
3213	3.028
3214	4.318
3217	3.896
3218	4.001
3221	4.375
3223	4.388
3224	3.783
3227	3.565
3228	3.475
3230	4.524
3232	4.077
3238	3.461
3242	3.537
3243	3.918
3248	3.739
3252	3.658
3253	3.609
3254	3.057
3255	3.558
3256	3.658
3257	4.574
3260	3.889
3261	4.639
3262	3.904
3264	4.058
3271	3.358
3272	3.912
3273	3.554
3274	3.772
3277	4.052
3278	3.788
3280	3.774
3281	3.841
3283	3.89
3285	3.85
3286	4.046
3287	3.827
3288	3.754
3294	2.664
3298	4.336
3299	3.637
3303	3.724
3304	3.934
3311	3.178
3313	2.839
3314	3.357
3316	3.784
3319	3.171
3321	3.845
3324	3.585
3325	4.24
3327	3.634
3329	3.933
3330	3.003
3332	3.019
3336	4.071
3339	3.893
3340	3.318
3342	3.054
3344	3.945
3345	3.57
3346	3.6
3347	2.751
3349	3.764
3351	3.193
3353	2.67
3357	4.624
3358	3.548
3359	4.669
3362	3.616
3366	4.216
3367	4.059
3368	2.569
3369	2.369
3370	3.332
3371	2.943
3372	3.65
3374	3.68
3375	4.137
3376	4.318
3378	2.785
3382	3.209
3385	3.858
3386	3.974
3389	3.517
3395	4.408
3396	3.79
3397	2.832
3400	2.86
3405	3.873
3407	3.31
3411	4.283
3412	4.002
3413	3.954
3414	4.24
3416	2.766
3418	2.866
3422	4.302
3424	3.168
3426	3.978
3427	3.239
3428	3.196
3429	3.519
3432	4.007
3435	4.227
3436	3.667
3437	3.984
3438	3.774
3440	3.502
3443	4.018
3444	4.041
3448	3.468
3451	4.451
3452	3.718
3453	4.451
3454	3.872
3461	3.487
3462	4.13
3465	3.59
3467	3.743
3471	4.394
3472	3.694
3479	3.268
3480	4.497
3484	4.163
3486	3.841
3487	3.372
3488	3.834
3491	3.288
3492	3.841
3494	3.611
3496	3.485
3500	3.934
3504	3.884
3507	3.693
3508	3.869
3510	3.943
3511	3.618
3512	4.036
3514	3.299
3516	3.914
3517	3.051
3528	3.706
3529	3.39
3530	4.11
3533	4.071
3534	3.976
3537	4.174
3538	3.457
3539	3.253
3541	3.537
3542	3.862
3543	3.947
3544	4.405
3547	3.751
3548	3.282
3549	2.935
3552	3.168
3554	3.893
3556	3.038
3561	4.277
3565	3.862
3566	3.357
3567	4.01
3568	3.882
3569	4.145
3571	3.63
3572	3.594
3574	3.836
3576	3.435
3577	4.356
3579	3.356
3580	3.292
3582	3.235
3584	4.087
3589	3.538
3592	4.471
3602	3.022
3603	3.652
3607	3.539
3611	3.112
3614	3.198
3618	3.371
3620	3.283
3623	3.542
3624	4.298
3627	3.738
3629	3.697
3630	3.364
3633	3.021
3635	4.213
3638	3.888
3639	3.339
3640	3.209
3643	3.051
3646	3.982
3647	4.163
3649	3.776
3650	3.146
3651	3.203
3653	3.319
3658	3.762
3666	4.426
3668	4.44
3669	3.779
3672	3.059
3673	3.152
3682	3.596
3684	2.495
3685	3.538
3686	2.427
3687	3.605
3689	4.031
3690	3.918
3691	4.388
3692	3.923
3693	4.142
3694	3.823
3695	4.253
3696	3.969
3697	3.597
3699	4.646
3701	4.413
3702	3.717
3703	3.993
3705	3.85
3707	4.302
3708	4.365
3710	4.48
3713	4.495
3719	4.455
3720	3.7
3725	3.723
3727	3.373
3728	4.222
3736	2.618
3737	3.29
3739	2.654
3740	3.29
3742	3.435
3743	4.584
3746	3.256
3748	3.08
3750	4.15
3751	3.808
3752	4.472
3753	4.031
3755	3.784
3756	4.047
3758	3.97
3759	4.372
3761	4.302
3762	3.526
3765	4.357
3766	3.732
3770	4.376
3774	4.021
3776	4.38
3777	4.41
3779	4.224
3780	4.417
3781	3.817
3783	3.329
3784	2.706
3785	3.046
3788	3.246
3789	3.303
3795	3.734
3797	3.491
3799	3.091
3800	3.949
3801	4.348
3803	3.842
3804	4.229
3805	3.511
3807	2.988
3809	3.191
3814	3.687
3820	3.632
3821	3.158
3823	4.292
3825	4.417
3826	3.324
3827	4.069
3828	3.438
3831	4.047
3834	4.24
3836	4.514
3838	3.78
3839	3.858
3840	3.788
3844	3.875
3845	3.881
3846	4.422
3847	3.748
3852	3.197
3853	3.955
3856	4.394
3857	3.928
3860	3.26
3864	3.154
3866	3.447
3868	3.389
3869	4.127
3870	3.597
3871	3.497
3872	3.311
3873	2.43
3874	2.946
3882	3.981
3883	3.404
3884	4.275
3885	3.851
3886	3.813
3887	4.372
3892	2.911
3893	3.651
3895	3.358
3898	2.354
3899	2.409
3901	2.167
3904	4.137
3905	4.345
3908	3.34
3912	4.034
3914	4.243
3915	3.755
3917	3.284
3920	3.131
3921	4.22
3924	4.388
3929	2.758
3930	3.506
3934	4.337
3935	3.579
3936	4.394
3938	3.83
3939	3.582
3940	4.037
3942	4.008
3943	4.095
3947	4.247
3948	3.676
3949	4.1
3951	4.227
3955	3.892
3956	3.179
3957	3.789
3958	3.658
3961	3.232
3970	2.949
3972	4.309
3973	3.517
3976	2.786
3980	4.166
3985	3.309
3986	2.921
3987	3.156
3990	4.251
3992	4.374
3993	3.862
3994	3.576
3995	3.09
3998	2.975
3999	2.686
4002	3.915
4004	4.331
4007	3.715
4012	3.926
4013	3.603
4014	3.974
4017	4.132
4020	3.877
4021	4.035
4028	3.964
4033	3.424
4034	3.166
4036	4.431
4037	3.789
4038	4.671
4040	3.112
4041	2.176
4043	2.953
4045	3.836
4046	3.151
4047	4.241
4049	3.93
4050	3.349
4056	4.565
4058	3.846
4061	3.353
4062	4.16
4063	4.025
4065	3.835
4068	3.065
4069	2.899
4071	3.612
4072	3.337
4074	4.671
4076	4.451
4083	3.691
4084	4.451
4085	4.656
4087	3.817
4088	3.937
4090	3.878
4094	3.444
4100	4.033
4102	3.178
4105	2.997
4108	3.714
4109	4.602
4112	3.212
4113	3.479
4115	3.734
4117	3.842
4118	4.178
4119	3.581
4120	3.992
4123	3.284
4125	3.211
4126	3.399
4127	4.385
4132	3.994
4134	3.758
4136	4.047
4137	3.689
4141	2.853
4142	3.374
4145	4.469
4146	3.674
4147	3.945
4148	3.793
4149	3.13
4152	3.122
4154	4.634
4162	3.562
4163	4.215
4165	4.288
4168	3.536
4173	3.597
4174	4.634
4176	3.364
4178	4.228
4179	3.041
4181	4.14
4183	3.987
4185	3.836
4193	3.722
4194	4.315
4195	3.741
4197	2.684
4199	2.727
4202	3.788
4205	3.988
4207	4.099
4209	3.96
4212	4.349
4213	3.763
4214	3.447
4216	2.467
4219	4.372
4220	3.3
4221	4.239
4223	3.131
4228	4.196
4231	3.923
4232	2.25
4235	2.213
4236	3.409
4238	3.814
4239	4.615
4242	2.909
4244	3.041
4246	3.588
4247	3.386
4248	4.211
4251	3.007
4252	3.048
4253	3.132
4254	3.178
4257	4.582
4259	4.041
4260	3.992
4265	3.027
4266	4.397
4267	3.806
4269	3.78
4272	4.024
4274	3.888
4275	4.018
4277	4.296
4279	3.685
4280	3.948
4282	3.858
4283	3.879
4284	4.066
4287	4.198
4289	2.985
4290	3.827
4291	3.335
4295	4.433
4301	4.348
4304	4.271
4305	3.978
4306	1.746
4307	1.589
4308	1.826
4312	3.762
4315	2.116
4316	3.978
4318	2.929
4320	3.53
4322	3.715
4323	4.008
4325	3.518
4328	3.445
4329	3.789
4338	2.67
4339	2.996
4340	1.953
4341	2.952
4344	3.676
4346	3.326
4347	3.176
4348	2.087
4349	2.943
4350	3.331
4351	4.341
4354	3.62
4357	1.853
4359	1.553
4361	3.862
4363	4.184
4364	3.75
4365	2.886
4369	2.917
4370	3.335
4377	3.161
4378	3.097
4379	3.162
4381	4.009
4382	4.334
4386	4.675
4387	3.852
4390	3.92
4392	3.927
4393	3.901
4394	3.987
4395	3.558
4396	3.526
4398	4.618
4401	3.698
4407	4.186
4408	3.967
4410	4.064
4412	2.957
4414	3.416
4417	3.776
4418	4.649
4426	3.966
4431	1.754
4432	3.189
4439	1.383
4440	1.342
4442	1.328
4443	4.064
4445	3.444
4446	3.695
4447	3.125
4454	4.081
4457	3.581
4458	3.176
4464	4.129
4468	2.893
4469	3.321
4471	4.194
4472	4.511
4473	4.102
4481	4.655
4486	1.767
4487	1.776
4490	4.208
4497	4.265
4498	3.703
4501	3.976
4503	3.118
4507	3.359
4509	3.646
4511	3.766
4513	2.543
4514	2.407
4515	2.498
4516	2.564
4517	4.605
4522	3.39
4523	2.79
4524	3.233
4525	3.908
4526	4.122
4529	3.856
4534	3.159
4540	2.862
4541	2.596
4544	4.672
4549	3.505
4551	3.237
4553	4.354
4556	3.73
4558	3.157
4559	3.089
4562	3.348
4564	4.256
4565	3.895
4567	3.764
4569	3.67
4570	4.199
4573	4.302
4574	3.666
4579	1.933
4580	4.672
4581	3.666
4585	3.713
4590	3.419
4595	1.402
4596	1.633
4597	1.549
4601	3.657
4605	3.422
4606	4.015
4611	4.182
4612	3.77
4616	4.291
4617	3.794
4619	3.954
4626	3.77
4630	1.532
4632	1.399
4633	1.424
4634	4.619
4635	3.784
4636	4.672
4637	3.884
4643	4.186
4644	3.554
4646	3.699
4648	3.674
4651	4.034
4652	4.096
4653	3.684
4656	2.643
4659	2.343
4660	2.425
4662	3.76
4663	4.64
4664	3.816
4665	3.141
4666	2.711
4668	2.353
4669	2.645
4671	4.138
4673	4.209
4674	4.173
4679	3.77
4680	4.034
4681	4.425
4683	4.363
4685	2.837
4686	3.58
4687	2.852
4688	3.715
4689	3.835
4696	2.911
4697	2.752
4699	4.403
4700	3.982
4701	4.352
4702	4.138
4710	4.124
4711	4.139
4712	3.29
4713	3.005
4716	3.357
4717	4.629
4718	3.889
4720	4.25
4724	2.717
4725	2.675
4728	4.192
4729	3.765
4731	3.659
4735	3.409
4740	3.846
4742	4.089
4743	3.487
4745	3.606
4746	3.069
4752	2.664
4753	2.606
4756	2.468
4759	4.278
4760	4.113
4761	2.575
4762	1.332
4763	1.318
4764	2.362
4766	4.362
4769	4.139
4771	2.418
4774	2.475
4777	4.304
4780	3.772
4782	3.667
4788	2.375
4790	2.248
4793	4.293
4794	3.737
4795	4.675
4796	3.557
4797	3.033
4798	3.508
4799	3
4800	3.919
4802	4.645
4805	4.612
4806	3.758
4807	3.637
4808	3.314
4810	2.943
4811	3.053
4812	2.891
4813	2.982
4815	4.347
4817	4.665
4819	3.044
4820	2.739
4821	3.48
4822	2.609
4825	3.877
4826	4.248
4832	3.774
4836	3.75
4839	2.562
4842	3.926
4844	4.643
4845	3.811
4847	2.406
4848	2.408
4849	2.445
4853	4.621
4855	3.051
4857	2.648
4858	2.805
4859	2.842
4860	3.762
4863	3.418
4867	2.016
4869	4.366
4872	3.929
4874	2.835
4877	3.212
4879	3.786
4880	4.205
4881	3.782
4882	3.409
4883	3.734
4885	3.331
4886	4.043
4888	3.705
4898	4.31
4900	2.787
4901	2.022
4903	1.864
4905	4.223
4911	1.436
4912	1.351
4913	1.363
4918	3.517
4919	3.725
4921	3.687
4922	3.918
4926	3.757
4928	2.562
4929	2.817
4932	4.067
4933	3.924
4937	3.936
4938	3.841
4940	3.347
4941	3.52
4942	3.712
4944	3.867
4946	3.766
4947	4.116
4948	3.843
4949	1.313
4950	1.302
4951	1.329
4953	1.313
4954	4.118
4957	4.031
4959	3.002
4960	1.87
4961	2.144
4964	3.746
4965	4.395
4967	3.04
4968	2.14
4970	2.415
4971	2.945
4974	3.694
4975	4.281
4977	1.482
4978	1.482
4981	4.618
4982	3.723
4985	2.386
4989	2.712
4990	4.626
4991	3.659
4992	4.631
4996	1.399
4997	1.391
4998	1.327
5000	3.954
5002	4.028
5005	3.915
5007	4.094
5010	4.64
5011	3.588
5012	3.531
5014	3.445
5015	3.258
5017	4.613
5018	4.13
5022	3.009
5023	3.145
5024	3.302
5025	2.87
5026	2.842
5027	3.164
5031	3.757
5032	4.074
5033	4.061
5037	3.936
5039	4.403
5040	3.52
5045	3.096
5046	2.795
5048	4.65
5049	3.895
5050	4.647
5053	1.835
5056	2.25
5058	3.721
5060	3.555
5064	3.388
5072	1.362
5073	1.335
5074	1.348
5078	3.697
5079	2.811
5080	3.174
5081	2.697
5083	3.518
5085	3.834
5086	4.267
5089	2.079
5091	1.882
5092	2.213
5096	3.965
5097	1.34
5100	1.298
5102	4.585
5105	3.497
5107	3.48
5109	2.581
5114	3.886
5115	1.426
5116	1.414
5117	1.494
5121	3.684
5123	3.454
5124	2.089
5125	1.835
5127	1.868
5132	3.865
5133	3.705
5134	3.743
5135	4.146
5136	3.462
5137	4.16
5139	3.843
5141	3.82
5142	1.935
5145	2.169
5147	4.108
5149	4.237
5153	1.306
5154	1.306
5155	1.306
5160	2.981
5161	2.589
5163	2.471
5166	3.882
5167	4.078
5169	2.456
5171	3.341
5175	3.638
5176	4.627
5177	3.798
5178	3.734
5186	3.714
5187	1.34
5189	1.592
5191	1.327
5195	2.093
5197	2.037
5198	2.26
5199	1.702
5201	4.282
5204	3.707
5208	2.322
5212	4.127
5215	2.184
5216	2.134
5219	4.332
5220	3.429
5223	3.066
5225	3.171
5226	3.345
5227	3.63
5231	3.808
5232	2.589
5234	3.169
5236	2.546
5238	3.672
5239	4.326
5242	2.918
5244	2.856
5246	4.575
5247	3.956
5248	4.227
5249	4.185
5251	1.945
5253	2.036
5254	2.036
5258	3.87
5260	3.55
5261	3.258
5262	3.423
5263	4.032
5264	3.604
5267	3.808
5269	3.808
5276	4.143
5277	3.507
5278	3.727
5282	4.051
5288	3.871
5291	4.091
5294	3.792
5296	1.36
5298	1.953
5303	3.841
5304	3.202
5306	3.325
5311	4.603
5313	3.27
5314	2.492
5317	3.789
5318	4.606
5319	3.865
5321	3.603
5324	3.135
5325	3.1
5327	4.323
5333	4.265
5334	3.995
5338	4.243
5340	3.583
5341	3.449
5342	3.735
5345	4.574
5346	3.601
5347	4.608
5348	4.176
5350	4.29
5351	4.502
5356	4.626
5357	3.565
5358	3.452
5359	3.445
5361	3.683
5362	4.089
5369	2.106
5370	1.826
5372	4.223
5376	1.339
5377	1.336
5378	1.319
5379	1.379
5380	1.319
5383	4.617
5384	3.794
5385	3.325
5387	2.839
5389	4.142
5391	3.686
5393	3.694
5395	2.985
5397	2.595
5398	3.474
5399	4.37
5401	4.323
5404	2.569
5405	2.588
5406	2.508
5407	2.488
5409	3.607
5411	3.682
5414	3.17
5415	2.991
5419	4.087
5420	3.815
5423	1.891
5426	4.336
5427	3.759
5429	3.916
5432	4.437
5434	4.409
5435	3.912
5436	4.08
5437	4.112
5439	2.277
5440	3.787
5443	3.699
5446	4.595
5447	3.672
5449	3.635
5455	4.593
5456	4.184
5457	3.126
5458	4.355
5459	2.258
5460	3.564
5462	4.313
5463	3.694
5464	4.663
5466	3.296
5467	2.852
5468	2.696
5471	4.228
5474	3.735
5476	1.969
5477	2.004
5478	2.656
5480	4.324
5483	4.173
5487	2.769
5489	4.329
5491	2.881
5492	3.653
5495	1.924
5496	2.59
5497	3.028
5500	4.163
5501	3.672
5502	2.554
5503	1.781
5504	2.811
5505	1.652
5507	4.649
5510	4.203
5512	2.272
5513	2.703
5514	3.339
5518	4.26
5520	2.904
5521	3.001
5522	3.92
5523	2.658
5525	4.257
5526	3.575
5530	3.541
5531	3.1
5532	3.343
5533	4.143
5534	4.062
5535	3.644
5537	4.146
5538	3.642
5545	4.288
5546	3.8
5548	2.168
5549	2.872
5552	4.211
5553	4.054
5554	4.203
5555	4.189
5556	1.333
5558	1.361
5560	1.347
5561	4.599
5563	4.151
5565	3.241
5568	3.393
5569	3.531
5575	2.775
5580	3.862
5582	4.126
5584	2.033
5586	2.773
5587	3.351
5591	3.836
5593	3.38
5595	4.106
5602	2.655
5603	3.394
5604	2.667
5607	3.774
5608	4.03
5609	3.869
5610	2.052
5612	1.991
5613	2.006
5614	2.026
5615	4.22
5617	4.451
5618	4.335
5619	3.319
5620	3.262
5621	3.348
5623	3.709
5624	4.56
5627	3.782
5632	3.474
5633	4.593
5634	3.887
5637	3.883
5640	2.744
5641	3.614
5642	4.475
5643	4.105
5645	3.751
5646	4.091
5647	3.601
5651	3.732
5653	4.23
5656	2.02
5659	1.921
5663	4.015
5664	3.46
5668	3.732
5671	4.301
5676	3.836
5677	4.372
5678	4.269
5679	4.092
5680	4.663
5683	3.243
5687	4.258
5691	3.144
5693	3.128
5694	2.973
5695	3.08
5696	4.555
5697	3.936
5701	3.689
5710	3.479
5712	4.143
5717	4.02
5718	4.065
5722	4.007
5725	4.663
5728	3.588
5732	3.45
5733	3.365
5736	1.657
5737	1.633
5739	1.647
5740	1.633
5741	4.341
5742	3.822
5744	3.694
5749	3.528
5750	4.203
5751	3.81
5752	4.18
5753	3.596
5755	3.029
5756	2.495
5758	3.331
5761	4.432
5762	4.283
5764	1.967
5765	2.016
5768	2.038
5770	4.598
5772	4.267
5773	3.681
5776	4.511
5777	3.552
5779	4.298
5781	3.839
5787	1.32
5788	4.613
5791	4.028
5792	4.54
5794	4.483
5797	4.209
5801	2.401
5810	1.883
5811	2.047
5812	2.075
5813	1.35
5815	4.218
5816	4.032
5819	1.971
5820	2.384
5821	1.883
5822	1.363
5823	1.94
5824	4.598
5825	4.104
5828	2.558
5829	3.465
5834	3.891
5835	4.587
5839	1.94
5841	2.069
5842	4.277
5845	3.815
5846	4.291
5847	3.638
5848	4.277
5851	4.308
5852	4.228
5853	4.331
5855	3.538
5857	3.316
5859	3.728
5860	4.301
5861	3.875
5864	3.798
5865	2.632
5867	3.703
5874	3.685
5875	4.311
5876	3.018
5879	4.067
5882	3.763
5883	3.541
5885	3.777
5886	3.834
5887	4.321
5890	3.693
5894	1.341
5895	1.341
5898	3.973
5899	4.421
5900	3.647
5901	4.247
5902	4.127
5905	4.354
5906	3.771
5907	4.219
5911	3.063
5918	1.471
5919	1.374
5922	1.588
5923	3.856
5928	2.173
5931	2.259
5936	2.905
5937	3.41
5941	4.337
5943	4.534
5944	3.824
5947	2.933
5948	3.37
5952	4.315
5956	3.252
5960	3.582
5964	4.144
5965	3.728
5966	2.638
5968	1.679
5970	1.672
5975	4.41
5976	4.116
5977	3.491
5978	3.232
5979	3.318
5982	3.564
5983	4.231
5986	3.744
5987	3.519
5988	3.616
5989	3.872
5990	2.697
5991	3.088
5992	3.412
5996	4.045
6000	3.847
6006	4.202
6007	4.04
6014	4.154
6015	3.086
6017	4.577
6020	3.269
6022	2.769
6027	4.455
6028	3.9
6029	3.174
6030	2.947
6032	3.149
6035	4.196
6037	3.756
6038	3.272
6041	2.672
6044	3.253
6045	4.49
6050	2.571
6051	2.812
6052	2.732
6053	2.76
6054	4.594
6056	4.128
6060	2.048
6061	2.039
6065	4.58
6068	2.198
6072	2.093
6075	3.785
6077	3.765
6080	4.191
6082	4.191
6083	4.698
6084	3.945
6085	4.574
6086	3.823
6088	3.321
6092	4.085
6093	3.902
6095	4.07
6096	3.621
6098	3.628
6099	3.288
6101	4.591
6103	3.932
6104	4.392
6105	3.867
6106	3.737
6108	3.209
6109	3.316
6112	3.075
6117	3.973
6120	4.08
6122	4.264
6123	4.547
6127	3.564
6128	3.602
6133	3.316
6135	4.439
6136	3.826
6137	3.232
6144	3.769
6145	4.385
6147	3.196
6150	3.285
6152	4.18
6154	4.553
6155	3.759
6157	1.829
6159	1.82
6160	1.856
6161	4.414
6164	3.868
6169	4.158
6170	4.435
6171	3.821
6174	3.831
6175	2.678
6176	2.884
6178	2.813
6179	2.792
6180	2.394
6183	4.54
6185	4.536
6186	4.175
6187	3.354
6188	3.169
6191	3.26
6193	3.136
6194	4.598
6195	3.973
6197	2.87
6198	2.692
6199	2.266
6200	2.7
6202	3.219
6205	3.597
6206	3.008
6208	2.741
6209	3.016
6211	2.896
6212	4.033
6214	4.527
6215	3.888
6218	4.363
6224	3.869
6225	3.13
6232	4.354
6233	3.846
6234	3.201
6236	3.444
6239	4.238
6241	4.257
6242	3.191
6243	2.887
6246	2.671
6248	4.426
6249	3.729
6250	4.349
6253	3.578
6258	3.592
6259	4.051
6263	3.917
6266	3.599
6267	3.994
6272	3.236
6278	3.954
6286	4.169
6288	4.222
6290	3.71
6291	3.887
6292	3.306
6293	3.079
6295	3.045
6297	4.543
6299	4.42
6300	3.82
6301	2.959
6302	2.966
6305	3.439
6306	4.621
6307	3.828
6308	4.395
6309	3.718
6310	2.843
6311	2.796
6313	2.581
6316	4.341
6317	4.291
6318	4.013
6319	3.281
6321	3.218
6326	4.187
6327	4.649
6333	3.44
6334	3.509
6335	4.099
6336	3.829
6337	4.315
6338	4.39
6342	3.845
6345	4.037
6346	4.213
6347	4.037
6348	4.52
6349	3.782
6350	3.669
6353	2.985
6357	4.484
6359	3.808
6360	3.766
6362	3.402
6363	3.734
6366	4.469
6368	3.881
6370	2.78
6372	3.007
6373	2.893
6375	4.542
6377	4.431
6381	3.199
6382	3.148
6385	3.006
6386	4.372
6387	3.767
6390	2.578
6392	2.825
6395	4.64
6397	4.443
6402	2.964
6404	4.497
6405	4.051
6407	4.507
6411	3.033
6412	2.825
6417	4.087
6419	3.843
6420	2.741
6421	2.959
6423	2.952
6424	2.963
6426	4.661
6429	3.48
6432	3.426
6434	3.722
6443	3.429
6444	3.323
6447	3.547
6448	4.672
6452	2.822
6454	3.384
6458	3.711
6460	4.192
6463	2.838
6467	2.801
6468	4.519
6469	4.432
6470	4.547
6471	3.833
6477	4.522
6478	3.696
6480	3.826
6488	4.499
6489	4.25
6491	2.528
6495	4.288
6496	3.881
6497	4.307
6499	3.436
6500	2.652
6506	4.245
6508	4.698
6510	3.22
6511	3.038
6513	3.255
6514	3.273
6517	3.707
6521	2.975
6527	3.986
6529	3.851
6531	3.723
6532	3.463
6535	3.78
6536	3.91
6540	3.941
6543	4.008
6545	3.866
6546	4.077
6548	4.683
6549	4.158
6550	3.29
6552	3.232
6554	3.357
6555	4.274
6557	4.533
6558	4.33
6559	3.161
6563	3.279
6565	3.88
6566	4.588
6567	3.599
6569	3.1
6572	2.759
6575	4.422
6576	4.29
6578	3.99
6579	3.937
6580	3.773
6582	3.083
6584	4.273
6588	3.169
6589	3.422
6591	3.864
6593	4.1
6595	4.59
6597	3.29
6599	3.315
6600	3.123
6603	3.915
6604	4.435
6605	3.9
6606	2.965
6607	3.231
6610	3.323
6614	4.137
6615	3.478
6617	2.955
6618	3.337
6619	3.274
6620	4.288
6626	3.152
6631	3.744
6632	4.269
6635	3.33
6638	3.392
6640	3.993
6644	3.673
6646	3.488
6647	3.157
6648	3.449
6656	2.281
6657	2.792
6658	2.942
6659	2.764
6664	3.096
6665	2.84
6669	4.329
6670	3.991
6671	4.518
6674	3.087
6675	2.97
6678	4.502
6683	3.292
6684	3.331
6687	4.223
6688	3.729
6692	2.459
6694	2.481
6695	2.747
6696	4.051
6697	4.496
6698	4.429
6700	3.134
6701	3.56
6711	2.878
6714	4.611
6715	3.749
6717	3.693
6720	3.514
6721	3.599
6723	3.675
6725	4.106
6728	4.216
6731	3.415
6733	3.208
6735	3.984
6736	4.426
6738	3.993
6742	3.504
6745	4.552
6746	3.776
6747	4.222
6748	4.273
6750	3.394
6752	3.12
6754	4.248
6757	3.917
6758	3.091
6760	3.164
6761	2.983
6762	2.962
6765	3.576
6766	4.012
6768	3.123
6769	3.464
6770	3.567
6771	3.166
6772	3.085
6773	3.611
6775	3.811
6777	4.187
6778	3.381
6781	3.248
6789	3.327
6791	3.349
6799	3.051
6800	3.066
6802	4.052
6804	4.184
6805	3.16
6810	2.935
6812	4.099
6813	3.719
6814	4.512
6816	3.507
6819	3.495
6822	4.03
6824	4.202
6825	3.822
6830	2.668
6833	4.066
6834	4.672
6840	2.654
6843	4.264
6845	4.047
6847	2.362
6851	2.444
6855	4.094
6857	3.348
6862	3.873
6863	4.153
6865	4.271
6868	3.583
6869	3.992
6870	4.513
6875	2.987
6877	3.276
6879	4.615
6880	3.653
6884	3.243
6885	3.4
6887	3.458
6890	4.589
6894	2.959
6896	3.172
6897	4.511
6899	4.637
6901	3.964
6902	3.427
6903	3.993
6905	4.019
6907	3.616
6913	3.156
6914	3.388
6918	4.569
6919	3.927
6920	3.765
6921	3.29
6922	3.771
6923	3.45
6924	3.323
6927	3.839
6931	2.64
6934	2.867
6940	2.484
6942	2.458
6945	2.618
6946	4.062
6947	3.758
6948	4
6950	3.758
6957	4.398
6958	3.599
6964	2.318
6966	2.124
6968	4.342
6969	3.837
6970	4.51
6974	3.133
6975	3.216
6978	3.428
6979	4.086
6980	4.059
6981	4.623
6982	3.854
6983	3.764
6987	3.679
6991	4.283
6992	2.645
6993	2.584
6994	2.698
6995	2.821
6996	2.892
6997	4.354
6998	4.09
7000	3.882
7001	2.737
7004	2.644
7005	2.618
7006	4.255
7008	4.615
7009	3.912
7013	3.867
7016	3.971
7019	3.997
7020	1.999
7021	1.878
7022	2.036
7025	1.934
7026	4.407
7028	4.329
7035	4.609
7040	3.209
7045	3.233
7054	3.466
7056	3.687
7058	3.692
7060	3.719
7061	3.909
7063	4.2
7066	4.338
7070	3.05
7074	4.136
7077	3.5
7081	3.581
7082	4.603
7083	3.937
7084	4.233
7085	3.962
7086	3.944
7087	3.173
7090	2.918
7092	3.159
7094	3.707
7099	3.106
7100	3.026
7101	3.129
7103	3.573
7104	4.498
7105	3.893
7108	3.13
7110	3.363
7116	3.854
7118	3.323
7119	3.572
7120	3.291
7121	3.542
7123	4.04
7124	4.553
7125	3.884
7126	3.879
7127	3.856
7133	3.858
7138	4.071
7139	4.009
7143	3.785
7144	3.719
7145	4.587
7150	3.211
7153	4.564
7155	4.281
7156	3.758
7161	4.065
7164	2.885
7165	4.642
7166	4.061
7185	4.412
7186	3.844
7189	3.367
7196	4.16
7200	3.072
7204	4.344
7205	3.881
7208	3.287
7209	3.837
7210	3.643
7211	3.491
7213	4.391
7217	3.604
7218	3.959
7219	3.805
7221	3.945
7222	4.693
7224	3.845
7226	3.747
7229	3.065
7230	3.142
7234	3.973
7235	3.661
7237	3.865
7239	3.227
7240	3.356
7241	3.405
7242	3.31
7246	4.552
7252	2.952
7262	3.464
7267	3.641
7268	4.548
7269	3.91
7270	3.777
7271	3.606
7274	3.927
7276	3.693
7277	4.615
7280	3.185
7281	3.564
7287	3.824
7291	2.339
7292	3.06
7293	2.369
7294	2.355
7298	3.631
7300	3.361
7302	3.061
7304	4.383
7306	4.282
7309	3.914
7313	3.981
7314	4.181
7315	4.516
7316	3.297
7320	3.881
7322	2.728
7332	3.614
7334	3.739
7335	3.515
7340	2.874
7343	3.045
7344	2.813
7346	4.32
7347	3.849
7349	3.883
7350	3.217
7352	3.45
7353	3.072
7358	3.848
7359	4.554
7362	2.319
7364	3.323
7365	3.142
7367	3.995
7368	4.571
7370	3.983
7371	3.343
7372	3.219
7375	3.233
7381	2.971
7383	2.854
7386	4.542
7388	4.306
7389	3.567
7390	3.489
7391	3.262
7392	3.406
7397	3.948
7398	3.727
7399	3.349
7402	3.353
7404	4.562
7411	3.16
7414	3.697
7416	4.642
7417	4.048
7418	4.27
7419	4.022
7420	3.903
7422	4.229
7423	4.22
7427	3.627
7428	3.648
7432	3.814
7434	3.886
7437	3.364
7438	3.195
7441	3.45
7444	3.828
7446	3.797
7451	2.81
7452	2.902
7454	2.851
7455	4.456
7457	4.599
7459	3.918
7461	2.926
7462	3.106
7468	4.244
7470	3.948
7472	3.1
7474	3.21
7476	3.239
7479	4.542
7481	3.528
7483	3.541
7485	3.542
7486	4.397
7487	3.647
7491	3.408
7492	3.761
7493	3.336
7496	3.217
7497	4.503
7499	4.238
7503	3.5
7504	2.686
7505	3.296
7506	4.692
7507	4.043
7508	4.554
7509	3.927
7511	3.464
7516	3.84
7522	3.16
7525	3.972
7526	3.922
7527	4.424
7532	2.709
7534	3.072
7537	4.269
7539	3.958
7542	3.51
7543	3.452
7545	3.451
7547	4.121
7549	3.766
7550	4.039
7551	3.855
7553	3.755
7554	3.989
7556	4.473
7557	4.55
7558	3.95
7559	4.078
7561	3.166
7563	3.06
7564	3.289
7567	4.035
7569	4.184
7572	3.911
7573	3.655
7576	3.803
7577	4.024
7580	3.244
7581	2.961
7583	3.369
7587	3.865
7588	4.417
7594	3.358
7599	4.037
7603	3.508
7606	4.043
7608	4.446
7609	3.955
7611	3.21
7612	3.515
7613	2.991
7616	3.788
7618	4.43
7619	3.776
7622	3.246
7625	3.215
7629	4.037
7630	3.857
7634	3.85
7636	3.82
7638	3.683
7639	3.996
7641	3.344
7642	3.66
7643	3.329
7647	3.842
7648	4.447
7651	3.203
7652	3.603
7653	3.431
7654	3.545
7657	3.715
7658	4.21
7659	4.419
7660	3.214
7662	3.332
7665	3.36
7666	4.515
7668	4.642
7669	3.682
7670	3.735
7672	3.845
7675	4.393
7678	4.534
7680	3.04
7681	3.186
7682	3.141
7687	3.947
7688	4.266
7689	4.285
7692	3.457
7697	3.86
7699	4.031
7700	2.744
7701	2.875
7702	2.765
7703	2.644
7707	3.672
7711	3.257
7712	4.017
7714	3.83
7716	4.018
7719	3.85
7722	3.471
7723	3.804
7724	4.362
7728	3.214
7729	2.046
7731	1.897
7732	1.958
7733	2.06
7739	3.086
7740	3.093
7741	2.889
7742	3.043
7744	4.542
7746	3.719
7747	4.321
7751	2.657
7752	2.869
7753	2.312
7754	2.551
7755	4.412
7757	3.988
7760	3.334
7763	3.477
7764	3.033
7768	4.405
7769	4.248
7771	3.918
7776	3.914
7777	4.482
7778	3.827
7779	4.402
7780	4.302
7781	2.672
7782	2.834
7784	2.657
7785	2.695
7787	3.875
7790	3.037
7792	2.895
7793	2.476
7794	3.008
7798	4.41
7804	4.27
7805	4.141
7807	3.671
7808	3.388
7810	3.082
7811	2.953
7813	4.27
7817	2.925
7819	3.027
7821	2.984
7822	4.527
7823	4.161
7834	3.719
7836	3.753
7838	4.019
7839	4.444
7841	3.886
7844	3.447
7847	2.597
7849	4.244
7851	4.31
7859	4.108
7861	3.681
7864	3.438
7866	3.635
7867	4.091
7868	3.82
7869	4.132
7872	3.474
7875	3.564
7876	3.474
7878	4.623
7881	4.129
7884	3.745
7887	4.203
7888	3.809
7890	3.878
7891	4.137
7892	4.074
7893	4.188
7896	4.246
7898	4.312
7899	4.061
7900	2.903
7902	2.918
7903	2.936
7906	3.852
7909	4.137
7912	3.274
7917	3.675
7921	3.177
7923	3.387
7925	4.164
7926	3.992
7927	4.008
7933	2.463
7934	4.59
7935	3.721
7936	4.437
7939	2.614
7940	2.749
7946	3.571
7949	3.278
7953	3.793
7954	4.514
7957	3.454
7959	3.1
7963	4.124
7964	4.177
7966	2.892
7967	2.763
7971	3.047
7972	4.18
7973	3.982
7976	3.352
7977	3.314
7980	3.645
7981	4.238
7985	3.581
7986	3.308
7987	3.735
7989	3.4
7990	3.189
7993	3.99
7995	4.383
7996	3.353
7998	3.127
7999	3.267
8002	4.011
8005	2.081
8006	2.095
8010	4.319
8012	4.337
8014	3.053
8018	3.517
8021	4.277
8024	3.57
8025	3.426
8028	4.214
8029	3.673
8031	3.931
8032	3.52
8037	4.511
8038	3.871
8039	4.272
8040	4.057
8041	3.294
8044	3.475
8047	4.087
8049	4.133
8050	3.978
8055	3.989
8058	4.067
8059	3.17
8060	2.952
8064	4.189
8065	4.047
8067	3.908
8068	4.235
8069	3.84
8071	3.404
8072	3.797
8073	4.145
8076	4.117
8077	3.423
8079	3.226
8084	4.216
8089	3.881
8090	3.991
8091	4.453
8092	4.097
8093	4.352
8094	4.109
8095	3.403
8096	3.323
8104	3.313
8105	3.547
8108	3.431
8109	4.102
8110	3.973
8112	3.959
8119	3.999
8120	3.921
8121	3.829
8124	2.99
8126	2.987
8127	3.815
8129	4.139
8130	3.963
8134	3.304
8136	4.336
8143	3.196
8145	4.074
8147	4.136
8152	3.122
8155	3.975
8156	4.451
8157	3.822
8158	3.061
8159	2.956
8161	3.006
8162	3.127
8165	4.294
8168	3.484
8173	3.966
8175	4.219
8177	3.246
8179	3.702
8180	4.076
8184	3.898
8186	4.12
8187	4.037
8189	4.023
8190	4.18
8191	3.997
8192	4.265
8194	3.11
8195	3.119
8196	3.101
8199	4.099
8200	3.966
8201	4.231
8206	3.576
8210	3.806
8211	3.921
8213	3.18
8215	3.095
8216	2.881
8217	4.214
8219	4.333
8223	3.5
8225	3.308
8227	4.005
8228	4.249
8230	3.894
8233	3.174
8246	4.188
8247	4.062
8248	3.63
8249	3.299
8251	3.242
8258	3.625
8264	4.329
8266	3.018
8267	3.045
8269	2.897
8272	4.32
8274	4.081
8276	3.062
8277	3.29
8281	3.864
8282	4.296
8283	3.976
8285	4.21
8288	3.781
8289	4.249
8294	3.832
8296	3.109
8300	4.204
8304	3.522
8305	3.404
8306	3.873
8307	4.286
8312	2.727
8314	2.793
8316	4.307
8317	3.244
8321	2.794
8323	3.21
8325	4.448
8327	4.137
8328	4.058
8329	3.209
8330	3.321
8331	3.305
8333	3.271
8335	3.696
8336	4.137
8338	4.24
8339	3.681
8340	3.781
8345	4.195
8347	3.721
8349	3.793
8351	3.764
8352	4.207
8355	4.126
8356	3.664
8358	3.74
8360	3.668
8363	4.446
8366	3.949
8367	3.566
8368	3.578
8374	3.099
8376	3.244
8377	2.821
8379	4.268
8381	4.26
8384	3.234
8388	4.236
8396	3.315
8400	3.71
8406	4.028
8407	4.265
8409	4.049
8412	4.422
8417	4.11
8419	3.296
8421	3.102
8424	4.261
8425	4.178
8426	4.138
8430	2.977
8431	2.814
8434	3.836
8435	4.357
8437	3.297
8441	3.362
8444	4.163
8446	3.897
8449	3.579
8452	3.658
8453	4.372
8455	3.676
8456	3.605
8457	3.609
8458	3.349
8459	3.581
8460	4.163
8462	4.362
8469	4.139
8470	3.949
8474	2.943
8475	2.908
8476	2.957
8479	4.205
8481	4.247
8482	3.375
8483	3.502
8484	3.416
8486	3.47
8489	4.602
8490	3.893
8492	3.291
8493	3.395
8494	3.476
8501	3.695
8502	3.931
8504	4.176
8506	3.996
8507	4.128
8511	3.516
8512	3.558
8514	4.175
8516	4.195
8517	3.851
8520	4.028
8521	3.848
8524	4.247
8525	4.384
8528	2.097
8529	2.899
8530	2.082
8532	4.366
8536	3.657
8537	3.643
8538	3.537
8541	4.213
8543	3.998
8551	4.176
8555	3.325
8561	4.182
8562	4.139
8563	3.18
8564	3.413
8566	3.24
8567	3.413
8569	3.667
8571	4.134
8572	3.622
8574	3.125
8578	4.101
8581	3.476
8582	3.113
8584	3.08
8586	4.482
8588	4.125
8589	4.13
8590	2.807
8593	2.702
8594	2.901
8596	4.211
8597	3.75
8598	3.826
8600	3.268
8601	3.539
8606	4.258
8607	3.897
8608	3.978
8609	3.256
8610	3.364
8611	3.659
8613	4.389
8614	3.877
8618	3.007
8620	2.884
8622	4.405
8624	3.994
8626	2.958
8627	1.814
8629	3.15
8630	2.949
8631	4.226
8635	3.61
8636	3.365
8637	3.361
8639	3.541
8645	3.445
8646	3.416
8647	2.817
8649	2.96
8651	3.95
8656	3.098
8657	3.786
8663	3.909
8664	3.212
8665	3.12
8668	3.155
8669	4.064
8674	2.97
8675	3.028
8676	3.056
8679	3.906
8680	4.111
8683	2.44
8684	2.425
8685	2.34
8686	2.423
8689	4.072
8690	4.235
8691	4.077
8692	3.732
8696	4.211
8697	3.774
8699	4.096
8702	3.466
8705	4.046
8708	4.157
8709	3.399
8712	3.212
8716	4.093
8719	2.316
8724	3.774
8728	3.625
8738	3.956
8739	3.729
8741	4.211
8742	4.14
8743	4.468
8746	3.69
8748	3.937
8749	4.021
8750	4.405
8751	4.168
8753	3.827
8756	3.605
8757	3.266
8759	4.215
8760	3.894
8766	2.705
8767	2.984
8768	4.472
8775	3.369
8777	4.229
8779	4.082
8781	3.476
8783	3.915
8784	3.588
8787	3.84
8790	3.68
8791	3.503
8794	3.874
8796	3.966
8800	3.857
8801	3.916
8805	3.981
8813	4.096
8814	3.91
8815	4.244
8816	4.066
8822	4.181
8823	4.024
8830	3.395
8834	4.229
8836	3.389
8838	3.009
8842	4.171
8844	3.205
8846	3.26
8848	3.332
8852	3.998
8854	3.94
8856	4.124
8858	4.377
8859	4.105
8862	3.431
8867	3.294
8869	4.039
8873	3.517
8875	3.553
8876	4.092
8878	4.137
8879	3.937
8888	4
8892	2.728
8894	4.456
8901	2.965
8902	3.225
8903	4.203
8907	3.249
8908	2.909
8913	3.945
8914	4.063
8915	4.006
8916	3.048
8917	3.371
8918	3.051
8924	3.887
8926	3.401
8932	4.233
8934	3.789
8936	3.975
8937	3.815
8941	4.413
8942	3.904
8943	3.049
8944	2.747
8945	3.086
8948	4.256
8949	4.156
8952	3.686
8955	3.598
8956	3.698
8957	4.284
8958	4.084
8959	4.31
8961	3.444
8964	3.254
8965	3.197
8966	4.194
8967	3.895
8972	3.83
8973	3.325
8976	4.009
8977	3.967
8978	3.902
8980	3.154
8982	3.126
8983	3.234
8987	3.998
8988	2.898
8992	3.743
8994	4.069
8996	4.234
8998	3.258
8999	3.783
9000	3.855
9001	3.359
9005	3.931
9006	4.206
9011	3.871
9015	4.394
9017	2.853
9019	2.38
9021	2.45
9024	4.141
9028	3.26
9030	3.229
9031	4.124
9033	4.245
9035	3.05
9037	3.285
9038	3.171
9039	3.243
9040	4.297
9041	4.07
9044	3.938
9045	3.838
9046	4.03
9050	3.997
9051	4.378
9053	3.499
9054	3.565
9058	4.051
9066	3.694
9067	4.163
9068	3.987
9070	4.044
9071	3.182
9073	2.863
9074	2.849
9075	2.82
9077	3.907
9078	4.013
9080	3.8
9083	2.923
9085	4.216
9086	4.059
9090	2.332
9094	4.226
9095	4.006
9096	4.087
9097	3.918
9098	3.212
9099	3.244
9101	3.241
9103	4.349
9106	3.796
9108	3.012
9109	2.99
9110	2.956
9113	3.747
9117	3.05
9126	2.33
9127	2.518
9129	2.534
9131	3.745
9133	3.967
9134	3.837
9137	3.44
9139	4.453
9140	3.75
9141	4.111
9142	3.828
9146	3.795
9147	4.02
9148	4.279
9150	4.474
9153	2.636
9155	2.948
9156	2.822
9159	4.519
9160	3.834
9161	3.411
9167	3.795
9171	3.925
9172	3.925
9177	3.984
9181	3.106
9183	3.224
9184	4.422
9185	3.929
9186	4.268
9187	3.923
9189	3.383
9192	3.167
9193	4.39
9194	4.012
9196	3.868
9206	3.179
9208	3.001
9212	3.832
9213	4.159
9215	3.149
9222	4.168
9223	3.854
9230	4.07
9233	4.224
9235	3.843
9236	3.828
9238	4.183
9239	4.111
9240	4.159
9241	3.944
9247	4.166
9249	4.301
9250	4.079
9254	1.781
9255	2.461
9259	3.878
9262	3.211
9264	3.05
9269	3.162
9272	2.413
9273	3.057
9274	4.156
9275	3.967
9280	3.45
9281	2.955
9284	3.962
9285	4.318
9288	2.749
9292	4.171
9293	3.766
9295	3.999
9297	3.101
9299	2.918
9300	3.142
9305	3.062
9307	3.004
9308	2.941
9309	3.084
9313	3.649
9315	2.52
9319	4.378
9323	4.154
9326	3.178
9327	2.896
9328	2.996
9329	3.098
9330	4.413
9335	3.738
9337	3.549
9338	3.874
9342	4.067
9343	2.829
9344	2.64
9349	4.051
9350	4.149
9351	4.02
9354	3.151
9356	3.442
9361	3.521
9362	3.418
9367	4.006
9368	4.209
9369	4.037
9370	3.275
9373	3.255
9374	3.125
9375	4.16
9377	4.132
9385	4.092
9386	4.108
9387	3.853
9388	2.496
9389	2.95
9391	2.917
9393	4.201
9394	3.945
9395	4.368
9400	3.654
9402	4.189
9407	2.469
9408	3.374
9412	4.135
9413	4.179
9414	3.784
9423	4.031
9426	3.397
9427	3.083
9430	3.867
9431	4.223
9434	4.058
9435	4.352
9436	3.874
9437	4.273
9438	3.941
9439	3.93
9442	3.295
9444	3.166
9445	3.191
9447	4.492
9448	4.113
9449	3.74
9451	3.848
9455	3.38
9456	3.684
9457	3.642
9461	3.98
9462	3.233
9465	2.499
9467	4.258
9469	4.098
9471	2.859
9473	2.986
9475	2.608
9482	3.572
9488	3.661
9489	3.927
9492	2.85
9493	3.848
9495	4.092
9496	4.141
9497	4.112
9499	3.181
9502	3.152
9504	4.111
9506	3.906
9510	3.436
9512	4.269
9515	3.919
9516	3.269
9517	3.106
9524	4.074
9525	3.644
9526	3.719
9529	3.637
9530	4.105
9531	3.876
9532	4.471
9535	2.274
9537	2.16
9538	2.608
9540	3.973
9541	4.322
9542	4.222
9544	1.98
9549	3.791
9551	4.147
9554	3.59
9555	3.834
9556	4.007
9557	4.24
9558	3.994
9561	4.251
9562	4.214
9563	4.186
9565	4.172
9567	4.053
9569	3.915
9570	3.209
9572	3.471
9574	3.41
9576	4.067
9577	4.109
9578	4.067
9579	3.376
9580	3.319
9581	3.022
9583	3.319
9591	1.981
9592	2.733
9593	2.05
9594	2.357
9599	3.19
9600	3.372
9602	3.163
9604	4.367
9605	3.74
9607	3.941
9609	3.31
9610	3.739
9615	4.349
9616	4.102
9617	3.673
9624	4.253
9627	3.829
9631	4.392
9632	4.134
9635	4.036
9636	4.085
9638	3.984
9639	3.731
9641	4.071
9643	3.935
9644	4.168
9645	4.076
9646	2.249
9650	2.968
9651	4.127
9653	4.211
9656	3.401
9657	3.33
9659	3.344
9662	4.31
9665	4.089
9666	3.948
9667	3.731
9668	4.103
9675	3.193
9676	2.807
9678	4.258
9680	4.323
9684	3.209
9687	4.085
9689	4.119
9691	2.875
9692	3.422
9694	3.292
9695	3.319
9697	4.085
9698	4.288
9699	4.203
9700	3.012
9701	2.864
9702	3.047
9703	2.907
9704	3.04
9708	4.113
9709	3.664
9710	3.578
9715	4.12
9717	4.076
9718	3.335
9719	3.271
9720	3.343
9721	3.266
9723	4.119
9726	4.107
9730	1.912
9731	1.969
9733	3.937
9736	3.529
9738	3.553
9744	4.271
9746	3.833
9748	3.684
9749	3.784
9752	4.288
9753	4.217
9757	3.121
9758	3.115
9760	2.169
9764	1.395
9765	1.33
9766	2.302
9769	1.38
9770	1.65
9773	1.424
9774	1.35
9776	2.252
9778	1.381
9780	1.398
9784	1.349
9786	2.853
9795	1.411
9799	1.381
9800	2.264
9803	1.379
9805	1.598
9806	1.699
9811	1.635
9814	1.594
9815	1.332
9816	1.263
9817	2.039
9820	1.276
9821	1.499
9825	1.686
9827	1.849
9829	1.706
9836	1.369
9839	1.367
9840	1.35
9841	2.103
9844	2.242
9846	1.545
9847	1.347
9851	1.362
9853	1.46
9856	1.358
9859	1.322
9860	1.297
9863	1.338
9864	1.593
9868	1.464
9870	1.363
9874	2.415
9875	1.787
9876	1.446
9877	2.374
9878	1.574
9879	1.329
9882	1.289
9884	1.394
9885	1.261
9886	1.34
9889	1.645
9893	1.649
9895	2.176
9897	2.268
9900	1.388
9903	1.653
9904	2.815
9905	1.309
9907	1.291
9911	1.374
9912	1.297
9914	1.465
9915	1.626
9916	1.359
9919	1.335
9921	1.375
9922	1.259
9926	1.334
9927	1.277
9934	1.522
9935	1.503
9936	1.396
9938	1.524
9939	2.393
9940	2.636
9942	1.42
9943	1.459
9947	2.391
9948	1.446
9949	2.913
9951	1.353
9955	1.485
9960	1.371
9967	3.103
9968	2.099
9973	1.394
9974	1.29
9976	1.984
9980	1.637
9981	1.498
9982	1.331
9983	2.017
9984	1.721
9985	1.281
9993	2.214
9997	1.427
9998	1.307
9999	2.176
10000	1.225
