pair_ID	relatedness_score
1	4.111
2	3.812
3	3.568
5	3.095
9	3.065
12	3.543
14	3.232
18	3.146
25	2.593
26	2.699
28	3.089
30	4.23
35	3.139
40	3.316
42	3.752
44	4.35
45	3.896
47	2.85
49	2.888
55	4.256
56	4.182
58	3.478
62	3.54
65	3.583
70	4.035
72	3.624
73	4.134
77	4.102
78	3.959
79	3.628
81	2.869
82	2.844
83	2.843
84	3.075
85	2.772
87	3.997
88	3.886
90	3.871
91	3.369
93	2.658
94	2.72
97	2.621
98	4.397
99	4.275
100	4.193
107	3.756
112	2.452
113	2.647
117	2.598
120	3.864
122	4.256
124	2.971
126	2.81
127	2.571
129	4.253
130	3.868
131	3.782
133	4.179
136	2.815
139	3.095
140	4.445
141	3.765
146	3.063
148	2.878
150	3.776
159	3.973
161	3.703
163	3.243
164	3.151
170	4.331
173	2.956
176	2.918
183	3.691
184	2.889
186	3.359
188	3.119
192	4.022
194	3.845
200	4.096
201	3.831
202	4.087
205	3.137
215	3.17
216	3.03
217	3.078
223	3.118
224	2.937
226	3.266
227	3.06
232	3.814
233	4.265
234	2.68
237	2.655
238	2.61
240	3.877
241	4.07
248	3.514
249	2.912
254	3.716
256	3.936
257	2.868
258	3.019
259	2.972
260	2.842
265	4.035
266	3.836
269	3.445
272	3.095
273	4.15
276	3.835
277	2.49
279	3.397
283	3.768
286	2.591
287	3.535
289	3.138
291	3.995
293	4.338
296	2.782
301	3.757
302	4.155
303	4.203
305	3.269
309	3.171
310	3.318
311	4.239
312	3.934
313	4.134
315	3.84
323	3.969
327	2.786
329	2.783
331	3.874
332	3.825
333	4.041
335	3.764
338	2.328
339	3.157
340	4.429
341	3.751
342	3.46
344	3.913
346	2.879
347	2.901
351	4.281
354	4.239
358	3.152
360	3.093
361	3.241
362	4.35
363	3.748
366	3.883
367	3.322
370	3.689
372	3.854
373	3.839
374	4.124
375	3.533
377	2.885
378	2.63
379	2.908
380	2.792
381	2.949
387	3.796
390	3.979
391	4.395
392	3.957
393	3.948
395	3.892
396	3.089
397	3.078
398	3.055
403	3.999
404	4.058
409	2.406
410	2.546
413	3.63
415	4.185
422	4.077
423	3.73
427	3.346
428	2.97
434	4.263
435	3.845
436	3.871
438	2.817
439	2.764
440	2.894
441	2.985
442	3.172
446	4.04
447	2.806
449	2.63
451	2.919
454	3.88
457	3.119
461	2.919
462	3.307
465	3.971
470	3.073
473	4.167
475	3.799
476	3.839
477	3.223
484	4.243
485	4.104
486	3.725
489	3.21
491	4.265
494	4.407
496	3.48
497	3.028
499	2.703
500	2.451
505	4.283
506	3.791
507	3.916
508	3.159
513	2.799
514	3.626
515	4.032
516	3.704
522	2.923
524	3.832
527	2.983
528	4.007
529	2.822
531	4.071
535	2.858
538	2.294
541	4.392
542	3.949
545	3.776
548	2.908
550	2.898
551	2.78
552	2.899
555	3.565
556	3.65
557	4.449
560	3.492
561	3.599
564	3.01
565	3.097
568	3.981
570	4.442
581	4.188
586	3.528
587	3.766
588	3.747
597	2.912
599	3.186
601	4.086
603	4.428
604	4.09
605	3.728
606	3.171
609	2.823
611	2.811
617	4.129
621	3.016
622	3.316
625	3.356
626	3.905
628	3.851
629	4.384
631	3.786
632	3.197
634	2.429
637	3.02
638	3.194
641	3.796
643	3.865
645	3.105
646	2.853
648	3.374
649	2.751
650	2.701
653	4.291
655	4.417
657	3.869
660	2.692
661	3.868
663	3.343
668	3.791
671	2.986
672	2.403
676	4.119
678	3.595
679	4.359
680	3.804
685	2.954
690	4.127
691	3.655
692	4.137
693	4.027
696	3.083
697	2.994
699	2.944
702	4.427
703	4.191
704	4.108
709	2.996
715	3.488
722	2.985
723	3.269
725	3.071
727	3.734
728	4.148
729	4.293
730	3.821
731	3.388
732	2.847
733	3.258
734	3.155
735	3.121
736	3.183
737	4.479
738	4.417
741	4.187
745	2.702
746	2.891
747	2.94
748	2.441
749	2.817
752	4.468
754	3.726
757	3.195
760	3.604
761	4.025
762	4.242
764	3.06
766	3.107
769	2.93
772	4.445
774	4.016
777	2.956
783	4.053
784	4.34
785	4.204
789	3.336
791	3.173
792	2.786
793	3.504
796	4.429
797	3.738
799	3.011
802	2.8
804	3.257
811	2.968
812	2.906
813	2.85
820	3.695
822	2.903
824	2.905
825	2.837
830	4.454
831	3.95
836	3.256
839	3.281
841	3.75
844	4.205
845	4.078
846	2.448
848	2.27
851	2.638
852	2.687
855	3.491
857	4.185
858	4.298
859	4.026
862	3.589
864	3.881
866	4.181
867	4.512
868	3.767
869	4.147
870	3.486
872	3.076
874	2.849
876	3.623
878	3.986
879	3.517
880	3.896
881	3.971
883	3.363
887	3.085
888	3.519
889	3.13
892	4.508
893	3.942
895	3.015
898	3.143
902	3.991
904	3.791
906	3.026
908	3.634
909	3.399
910	3.391
915	4.114
917	3.329
920	3.342
922	3.329
927	3.799
931	3.365
932	2.689
935	3.715
936	3.558
940	3.2
943	3.39
944	3.067
945	3.11
948	3.937
949	3.784
950	4.291
953	3.447
956	3.293
957	2.381
959	3.422
960	4.132
961	3.567
962	3.443
963	4.316
967	2.937
970	2.996
973	4.069
975	3.603
978	3.585
979	2.981
984	2.925
985	2.932
989	4.327
991	3.564
994	2.864
996	2.761
998	2.743
1000	3.886
1002	3.908
1004	2.826
1007	2.843
1008	4.463
1009	4.027
1010	3.503
1016	3.085
1018	2.935
1019	2.795
1021	4.498
1022	3.972
1026	3.021
1028	3.123
1029	3.047
1031	3.094
1033	3.811
1037	3.74
1038	2.95
1043	2.555
1044	2.974
1045	4.163
1046	3.819
1047	3.786
1048	4.463
1049	3.935
1050	3.488
1052	2.83
1053	1.753
1054	2.979
1055	2.64
1057	2.76
1061	4.426
1064	3.228
1065	3.493
1068	3.219
1069	2.916
1074	4.015
1076	4.02
1080	3.392
1082	4.424
1083	3.834
1084	3.917
1087	3.767
1088	3.936
1090	3.295
1091	4.009
1092	3.732
1093	3.27
1094	4.095
1095	4.538
1097	3.589
1099	3.509
1104	1.541
1105	1.478
1108	3.576
1109	4.142
1111	2.338
1112	2.184
1115	2.484
1117	4.053
1118	3.613
1120	3.576
1122	3.631
1128	4.145
1129	4.31
1133	2.907
1135	2.713
1145	1.749
1147	1.558
1149	3.559
1153	3.112
1154	3.661
1155	3.198
1157	4.417
1161	3.134
1162	3.344
1165	3.52
1167	3.718
1169	3.693
1175	3.361
1179	2.248
1180	2.248
1182	2.351
1184	4.412
1188	4.086
1191	3.77
1193	4.068
1194	3.58
1195	4.36
1196	3.681
1200	3.607
1202	3.7
1205	4.258
1206	3.921
1207	3.754
1212	2.692
1213	2.868
1214	2.766
1215	4.221
1219	2.96
1221	3.578
1222	3.628
1227	3.592
1228	3.587
1230	3.15
1239	2.981
1240	3.313
1242	3.926
1244	3.575
1246	1.828
1248	2.715
1249	2.485
1251	4.026
1255	2.432
1259	3.014
1268	3.358
1270	3.681
1271	2.534
1273	2.186
1274	2.242
1275	2.961
1276	2.324
1280	3.847
1282	2.834
1283	2.416
1284	3.405
1287	4.308
1291	3.84
1292	3.879
1293	3.777
1294	3.533
1297	3.669
1303	2.834
1305	2.45
1308	3.712
1311	3.739
1317	1.669
1318	4.026
1319	3.915
1321	3.253
1326	3.904
1328	3.691
1329	3.879
1335	3.11
1336	3.631
1341	3.688
1342	3.919
1344	3.526
1345	3.499
1346	3.909
1350	3.822
1352	2.792
1354	2.654
1355	3.67
1358	3.416
1359	3.892
1361	4.11
1365	2.588
1368	3.731
1371	3.71
1372	3.37
1373	3.877
1376	3.915
1378	4.724
1379	4.257
1380	3.023
1381	3.595
1384	3.657
1385	4.199
1386	3.866
1387	4.336
1388	3.627
1389	2.859
1399	2.393
1403	4.784
1404	4.41
1405	2.806
1407	1.879
1408	1.631
1409	1.725
1414	4.01
1415	3.693
1417	4.059
1419	3.412
1421	4.089
1427	2.146
1429	2.17
1431	3.708
1432	4.051
1434	3.047
1435	3.136
1438	3.904
1444	3.679
1446	2.351
1448	4.586
1453	1.675
1455	1.589
1458	3.654
1461	1.674
1463	1.705
1464	1.807
1466	4.422
1467	4.221
1473	2.311
1474	2.299
1476	3.438
1479	4.123
1480	3.703
1481	3.893
1482	3.384
1483	4.38
1484	4.343
1486	3.915
1488	3.51
1489	3.625
1494	3.803
1498	3.84
1499	4.319
1501	4.033
1504	4.374
1505	4.275
1509	3.243
1511	4.059
1513	3.762
1514	4.097
1517	1.604
1519	1.72
1521	3.693
1523	4.008
1524	3.677
1527	2.957
1531	4.167
1532	3.575
1534	1.516
1535	1.718
1536	1.718
1538	4.06
1541	3.555
1545	2.546
1547	4.461
1549	4.011
1550	3.705
1551	3.489
1552	2.818
1553	3.707
1557	3.999
1558	4.618
1559	3.753
1563	3.691
1565	4.437
1566	3.69
1570	3.748
1573	2.194
1574	2.621
1575	2.464
1576	2.621
1580	3.955
1582	2.855
1585	2.7
1586	3.383
1587	4.204
1588	3.743
1591	2.742
1592	2.514
1595	3.022
1599	3.821
1601	3.282
1604	3.362
1606	3.343
1607	3.77
1609	3.545
1610	4.324
1612	3.725
1614	4.329
1615	3.61
1618	4.415
1621	3.782
1625	2.247
1626	2.646
1627	3.234
1629	2.396
1631	3.864
1632	3.18
1635	1.669
1639	2.746
1640	4.381
1641	3.857
1643	4.332
1646	3.583
1647	3.619
1648	3.801
1649	3.663
1650	3.708
1651	3.542
1652	4.252
1653	4.449
1655	3.647
1657	3.784
1659	2.717
1660	4.229
1661	3.472
1663	4.234
1668	3.989
1669	4.715
1670	1.668
1671	1.849
1673	1.43
1675	2.714
1677	3.693
1680	4.43
1682	3.963
1687	3.832
1691	3.79
1694	3.783
1697	2.755
1700	2.691
1702	2.834
1705	4.718
1706	4.092
1707	2.448
1708	2.244
1712	4.763
1714	3.689
1715	4.247
1716	3.918
1719	4.14
1721	4.081
1723	4.165
1724	3.763
1729	2.517
1733	2.423
1736	4.156
1741	1.472
1747	4.09
1751	3.578
1753	3.968
1755	3.661
1756	3.561
1757	3.868
1759	3.162
1765	4.493
1766	3.907
1771	2.995
1772	2.736
1773	2.946
1776	2.527
1777	2.933
1780	4.279
1781	3.678
1782	4.098
1783	3.73
1784	3.212
1787	3.014
1789	4.474
1791	3.614
1792	3.826
1798	3.058
1808	2.457
1809	2.752
1812	2.848
1814	3.641
1815	2.642
1818	3.178
1820	2.872
1822	2.434
1823	2.466
1825	2.519
1829	4.157
1830	3.799
1832	2.501
1840	3.795
1841	2.941
1842	4.436
1844	1.407
1846	1.456
1849	1.419
1851	3.932
1852	3.176
1853	3.94
1854	3.083
1866	2.664
1869	2.717
1873	4.16
1874	2.858
1876	3.795
1878	3.922
1879	2.874
1882	2.801
1884	3.093
1886	3.88
1887	3.767
1888	4.326
1892	2.904
1894	3.612
1897	3.671
1898	4.068
1904	2.222
1907	1.677
1908	2.535
1909	4.091
1910	3.466
1912	4.437
1918	2.593
1919	2.343
1921	2.33
1927	3.629
1934	1.88
1935	4.545
1936	3.885
1939	2.282
1940	1.816
1942	2.544
1943	2.282
1946	4.465
1948	2.633
1949	1.523
1954	3.969
1955	3.583
1961	1.954
1963	2.063
1967	4.421
1969	2.972
1970	3.233
1972	2.924
1974	3.811
1975	1.906
1978	3.812
1981	4.339
1984	1.519
1987	1.429
1988	3.955
1989	3.667
1991	4.298
1992	3.982
1993	3.732
1994	3.26
1996	3.13
1999	2.909
2000	3.834
2004	4.308
2005	4.149
2006	3.364
2007	2.405
2008	2.38
2009	2.685
2011	3.617
2012	2.724
2014	4.128
2015	3.819
2016	2.962
2018	4.098
2020	2.686
2023	1.795
2024	2.659
2025	1.924
2027	4.111
2029	2.365
2030	4.302
2035	2.582
2037	3.355
2038	2.697
2040	4.371
2041	3.811
2045	4.193
2047	2.359
2049	2.351
2051	1.498
2052	2.477
2055	4.422
2056	4.389
2059	2.763
2061	3.118
2064	4.181
2066	3.894
2067	4.312
2068	3.787
2070	2.858
2072	2.885
2073	3.046
2075	4.596
2076	3.54
2078	4.225
2079	3.909
2080	3.583
2081	3.021
2082	2.977
2084	3.069
2086	3.107
2087	3.305
2088	4.725
2090	3.843
2091	4.177
2092	3.762
2094	1.525
2097	3.251
2098	2.259
2100	2.284
2102	3.812
2103	3.652
2104	4.292
2105	3.619
2107	2.128
2109	2.831
2112	2.197
2113	2.209
2115	4.004
2117	4.208
2118	3.818
2119	3.245
2121	3.224
2122	3.274
2123	3.8
2124	3.616
2125	3.379
2132	3.428
2136	4.698
2139	4.02
2141	3.452
2144	1.864
2145	3.194
2146	3.03
2148	3.301
2150	3.932
2153	3.566
2163	4.16
2164	4.294
2165	3.88
2167	3.584
2170	4.305
2171	4.711
2172	3.829
2175	3.762
2176	3.798
2179	3.663
2180	3.22
2181	3.75
2183	4.229
2184	4.086
2188	4.111
2192	3.693
2195	3.797
2196	2.235
2198	3.641
2199	2.932
2202	4.233
2203	4.104
2205	4.734
2207	4.071
2208	3.617
2210	3.628
2212	3.579
2213	3.464
2215	4.476
2217	4.083
2218	3.885
2222	3.993
2226	4.437
2228	4.145
2232	4.396
2233	4.171
2234	4.433
2235	4.339
2236	3.761
2238	3.729
2239	3.547
2240	3.515
2242	2.953
2243	3.33
2247	3.847
2250	3.538
2251	3.688
2252	4.027
2253	3.839
2259	3.468
2260	3.366
2261	3.455
2263	4.052
2266	4.384
2272	4.203
2274	4.191
2275	3.999
2277	3.235
2281	3.422
2282	4.488
2287	3.772
2288	4.5
2289	3.762
2291	4.376
2297	3.802
2299	4.303
2302	4.462
2303	3.955
2304	3.296
2305	3.292
2307	3.59
2308	3.282
2309	4.502
2310	3.701
2311	3.627
2314	3.336
2315	3.458
2316	3.45
2317	1.894
2318	3.819
2319	3.571
2322	4.393
2327	3.691
2329	3.749
2330	3.667
2332	3.692
2333	3.454
2338	3.86
2339	3.522
2340	3.334
2341	3.016
2344	2.926
2348	4.182
2350	3.613
2351	3.096
2352	3.096
2358	4.216
2359	3.833
2360	4.337
2363	3.197
2365	3.144
2368	4.451
2369	3.794
2374	4.317
2375	3.892
2377	3.747
2381	3.988
2383	3.132
2386	3.889
2388	3.769
2391	4.26
2397	4.145
2400	3.51
2401	3.586
2407	3.596
2409	3.719
2413	1.512
2414	1.68
2415	4.03
2422	3.239
2423	3.52
2426	3.556
2429	3.764
2431	3.402
2436	2.928
2438	4.359
2440	4.151
2441	3.706
2445	4.466
2447	4.216
2450	3.654
2455	3.481
2456	3.205
2457	3.102
2458	3.411
2459	4.296
2465	3.879
2466	3.581
2467	3.993
2472	3.451
2474	4.081
2486	4.415
2491	3.319
2494	3.246
2495	4.415
2496	4.069
2497	2.943
2499	3.514
2500	2.919
2505	2.999
2506	4.486
2508	3.311
2509	4.464
2510	3.919
2514	3.614
2515	3.655
2518	3.564
2521	3.676
2529	3.877
2530	4.464
2538	4.161
2539	4.415
2540	3.937
2543	3.505
2545	3.471
2549	3.813
2551	3.513
2553	3.82
2554	3.979
2555	4.439
2561	4.249
2569	1.783
2572	3.219
2574	3.837
2577	4.234
2578	3.688
2579	3.933
2582	4.223
2583	3.466
2588	3.875
2589	3.241
2590	4.013
2591	4.315
2592	3.96
2593	3.94
2594	3.419
2596	3.823
2597	3.113
2599	3.748
2601	4.347
2602	4.542
2608	3.694
2615	4.524
2619	3.544
2622	4.48
2623	2.999
2625	4.365
2626	3.876
2627	4.34
2628	3.696
2630	2.646
2632	4.304
2634	3.065
2636	3.608
2637	4.069
2638	3.866
2640	3.67
2643	3.967
2650	2.972
2651	2.927
2654	3.736
2655	4.291
2656	3.926
2657	3.634
2660	2.888
2664	3.981
2666	4.074
2670	3.361
2672	3.263
2673	4.339
2675	4.388
2680	3.653
2682	3.676
2684	4.549
2688	3.346
2689	3.284
2691	3.178
2692	3.44
2696	3.864
2701	3.846
2702	4.524
2703	3.71
2705	3.593
2707	3.454
2708	3.757
2709	3.236
2710	3.664
2711	4.298
2713	4.444
2714	3.744
2715	4.225
2716	3.018
2718	3.486
2724	4.41
2728	2.856
2730	1.78
2731	2.989
2734	3.804
2735	4.069
2739	3.569
2741	3.561
2744	4.617
2748	4.047
2751	4.375
2752	4.331
2754	3.78
2755	3.495
2756	3.031
2757	3.307
2758	3.204
2761	3.807
2763	3.789
2764	3.575
2765	4.035
2768	3.736
2770	3.707
2774	3.772
2775	3.235
2776	3.954
2777	3.984
2778	3.819
2779	3.979
2783	3.869
2784	3.963
2787	4.126
2788	4.388
2789	4.441
2792	3.781
2797	3.653
2799	3.682
2800	4.717
2802	3.086
2803	3.103
2807	4.451
2809	4.324
2811	3.564
2813	3.507
2815	3.544
2817	3.767
2818	3.713
2821	2.965
2827	4.487
2828	3.79
2837	3.751
2838	4.055
2839	3.346
2844	3.632
2845	4.485
2850	4.064
2851	3.967
2853	3.922
2854	4.247
2856	4.334
2857	3.234
2860	3.613
2861	3.907
2862	3.706
2863	4.211
2864	3.425
2865	4.387
2867	3.672
2868	3.467
2870	3.261
2874	4.1
2875	3.675
2879	3.749
2881	4.363
2883	4.713
2890	4.473
2891	4.363
2894	3.295
2896	4.013
2899	4.268
2900	3.135
2903	4.005
2905	3.899
2907	4.015
2908	4.423
2909	3.938
2910	4.462
2913	3.106
2915	3.46
2916	3.221
2917	4.411
2918	4.175
2919	4.362
2920	3.706
2924	3.581
2926	4.82
2927	3.584
2930	3.125
2933	2.982
2935	4.405
2937	4.306
2938	3.754
2939	3.743
2941	3.404
2943	3.72
2945	4.262
2951	3.152
2952	3.607
2955	4.794
2957	4.43
2958	3.706
2959	3.804
2960	3.911
2961	3.913
2964	4.06
2966	4.076
2969	3.907
2970	3.8
2971	3.63
2974	3.96
2976	4.08
2977	4.141
2980	3.512
2981	3.191
2983	3.242
2984	2.657
2988	3.966
2989	3.733
2992	3.193
2994	3.221
2997	4.082
2998	3.903
3005	3.723
3007	3.74
3010	3.205
3014	4.156
3015	4.32
3016	3.906
3018	4.252
3019	3.457
3022	3.214
3024	4.045
3027	3.491
3031	3.391
3038	3.905
3039	4.308
3041	4.308
3042	4.425
3043	3.518
3046	3.924
3047	3.86
3049	3.434
3050	3.953
3054	3.883
3059	4.388
3062	4.379
3065	3.615
3068	3.496
3069	3.596
3071	4.444
3072	4.077
3073	4.648
3079	3.609
3081	4.299
3085	3.307
3091	4.031
3092	3.785
3094	3.159
3097	3.432
3100	3.618
3102	3.154
3110	3.67
3111	4.399
3114	3.322
3121	3.902
3126	4.011
3129	4.414
3130	3.374
3132	3.123
3134	3.068
3140	4.054
3150	3.358
3153	3.829
3156	4.81
3157	3.682
3158	4.542
3161	3.966
3162	3.698
3164	3.555
3165	3.642
3166	3.898
3170	3.901
3182	4.264
3186	3.572
3187	4.236
3188	3.682
3192	2.916
3200	4.053
3201	3.733
3202	3.888
3203	4.728
3208	3.75
3213	3.071
3214	4.38
3217	3.893
3218	4.021
3221	4.39
3223	4.414
3224	3.79
3227	3.622
3228	3.527
3230	4.491
3232	4.147
3238	3.433
3242	3.524
3243	3.92
3248	3.664
3252	3.589
3253	3.519
3254	3.097
3255	3.504
3256	3.589
3257	4.525
3260	3.97
3261	4.822
3262	3.982
3264	4.107
3271	3.349
3272	3.925
3273	3.59
3274	3.785
3277	4.032
3278	3.737
3280	3.721
3281	3.927
3283	3.905
3285	3.953
3286	4.105
3287	3.839
3288	3.676
3294	2.72
3298	4.365
3299	3.614
3303	3.762
3304	3.963
3311	3.209
3313	2.934
3314	3.363
3316	3.787
3319	3.209
3321	3.829
3324	3.602
3325	4.298
3327	3.645
3329	3.896
3330	3.027
3332	3.028
3336	4.129
3339	3.94
3340	3.281
3342	3.053
3344	3.978
3345	3.625
3346	3.589
3347	2.669
3349	3.777
3351	3.171
3353	2.589
3357	4.81
3358	3.588
3359	4.842
3362	3.634
3366	4.256
3367	4.122
3368	2.562
3369	2.391
3370	3.304
3371	2.982
3372	3.601
3374	3.708
3375	4.215
3376	4.351
3378	2.861
3382	3.308
3385	3.849
3386	3.929
3389	3.545
3395	4.417
3396	3.746
3397	2.804
3400	2.829
3405	3.977
3407	3.314
3411	4.326
3412	4.087
3413	4.045
3414	4.29
3416	2.832
3418	2.918
3422	4.342
3424	3.194
3426	4.063
3427	3.256
3428	3.216
3429	3.563
3432	4.088
3435	4.276
3436	3.702
3437	3.912
3438	3.795
3440	3.479
3443	4.068
3444	4.011
3448	3.463
3451	4.471
3452	3.727
3453	4.423
3454	3.807
3461	3.523
3462	4.191
3465	3.624
3467	3.743
3471	4.423
3472	3.721
3479	3.327
3480	4.5
3484	4.178
3486	3.847
3487	3.356
3488	3.889
3491	3.242
3492	3.847
3494	3.626
3496	3.474
3500	3.976
3504	3.877
3507	3.675
3508	3.809
3510	3.929
3511	3.617
3512	4
3514	3.448
3516	3.875
3517	3.072
3528	3.723
3529	3.591
3530	4.082
3533	4.003
3534	4.069
3537	4.227
3538	3.444
3539	3.265
3541	3.486
3542	3.971
3543	3.929
3544	4.441
3547	3.77
3548	3.339
3549	2.94
3552	3.242
3554	3.879
3556	3.077
3561	4.344
3565	3.854
3566	3.341
3567	3.986
3568	3.82
3569	4.097
3571	3.631
3572	3.566
3574	3.833
3576	3.403
3577	4.38
3579	3.36
3580	3.29
3582	3.232
3584	4.176
3589	3.572
3592	4.502
3602	3.084
3603	3.638
3607	3.562
3611	3.154
3614	3.228
3618	3.369
3620	3.312
3623	3.516
3624	4.312
3627	3.695
3629	3.68
3630	3.371
3633	3.056
3635	4.267
3638	3.843
3639	3.33
3640	3.213
3643	3.073
3646	4.012
3647	4.098
3649	3.782
3650	3.155
3651	3.223
3653	3.321
3658	3.766
3666	4.435
3668	4.447
3669	3.782
3672	3.097
3673	3.176
3682	3.541
3684	2.48
3685	3.496
3686	2.449
3687	3.561
3689	3.965
3690	3.916
3691	4.401
3692	3.859
3693	4.141
3694	3.807
3695	4.237
3696	3.951
3697	3.617
3699	4.78
3701	4.434
3702	3.709
3703	3.941
3705	3.958
3707	4.332
3708	4.393
3710	4.509
3713	4.521
3719	4.474
3720	3.7
3725	3.748
3727	3.345
3728	4.246
3736	2.653
3737	3.314
3739	2.631
3740	3.314
3742	3.403
3743	4.778
3746	3.272
3748	3.103
3750	4.213
3751	3.822
3752	4.49
3753	4.118
3755	3.783
3756	4.011
3758	3.943
3759	4.404
3761	4.344
3762	3.559
3765	4.392
3766	3.733
3770	4.408
3774	4.06
3776	4.429
3777	4.381
3779	4.222
3780	4.442
3781	3.819
3783	3.304
3784	2.802
3785	3.103
3788	3.234
3789	3.283
3795	3.653
3797	3.467
3799	3.114
3800	3.95
3801	4.318
3803	3.938
3804	4.328
3805	3.563
3807	3.03
3809	3.186
3814	3.709
3820	3.664
3821	3.17
3823	4.344
3825	4.451
3826	3.334
3827	4.015
3828	3.418
3831	3.927
3834	4.223
3836	4.631
3838	3.83
3839	3.738
3840	3.807
3844	3.864
3845	3.998
3846	4.445
3847	3.731
3852	3.214
3853	3.926
3856	4.413
3857	3.872
3860	3.239
3864	3.154
3866	3.499
3868	3.382
3869	4.176
3870	3.595
3871	3.509
3872	3.31
3873	2.474
3874	2.991
3882	3.986
3883	3.468
3884	4.329
3885	3.816
3886	3.803
3887	4.418
3892	2.935
3893	3.645
3895	3.359
3898	2.406
3899	2.413
3901	2.216
3904	4.203
3905	4.39
3908	3.338
3912	4.024
3914	4.265
3915	3.718
3917	3.313
3920	3.119
3921	4.224
3924	4.451
3929	2.873
3930	3.526
3934	4.375
3935	3.609
3936	4.411
3938	3.777
3939	3.618
3940	4.004
3942	3.98
3943	4.084
3947	4.32
3948	3.701
3949	4.115
3951	4.253
3955	3.841
3956	3.176
3957	3.849
3958	3.74
3961	3.233
3970	2.966
3972	4.347
3973	3.542
3976	2.761
3980	4.235
3985	3.276
3986	2.981
3987	3.148
3990	4.298
3992	4.375
3993	3.855
3994	3.631
3995	3.122
3998	3.024
3999	2.788
4002	3.9
4004	4.343
4007	3.869
4012	3.892
4013	3.584
4014	4.036
4017	4.137
4020	3.929
4021	3.983
4028	3.923
4033	3.399
4034	3.19
4036	4.423
4037	3.78
4038	4.845
4040	3.198
4041	2.211
4043	3.02
4045	3.804
4046	3.179
4047	4.265
4049	3.931
4050	3.342
4056	4.527
4058	3.915
4061	3.399
4062	4.196
4063	3.936
4065	3.824
4068	3.085
4069	2.97
4071	3.642
4072	3.322
4074	4.845
4076	4.479
4083	3.707
4084	4.479
4085	4.833
4087	3.847
4088	4.037
4090	3.856
4094	3.434
4100	3.975
4102	3.17
4105	3.029
4108	3.724
4109	4.792
4112	3.235
4113	3.454
4115	3.744
4117	3.807
4118	4.203
4119	3.566
4120	4.044
4123	3.31
4125	3.302
4126	3.408
4127	4.407
4132	4.052
4134	3.781
4136	4.027
4137	3.685
4141	2.932
4142	3.374
4145	4.498
4146	3.674
4147	3.94
4148	3.775
4149	3.131
4152	3.232
4154	4.777
4162	3.597
4163	4.197
4165	4.318
4168	3.537
4173	3.623
4174	4.797
4176	3.335
4178	4.328
4179	3.077
4181	4.204
4183	3.971
4185	3.932
4193	3.745
4194	4.369
4195	3.742
4197	2.74
4199	2.777
4202	3.797
4205	3.923
4207	4.148
4209	3.898
4212	4.378
4213	3.712
4214	3.427
4216	2.516
4219	4.418
4220	3.449
4221	4.277
4223	3.172
4228	4.257
4231	4.024
4232	2.262
4235	2.23
4236	3.475
4238	3.814
4239	4.745
4242	2.945
4244	3.09
4246	3.52
4247	3.517
4248	4.273
4251	3.055
4252	2.958
4253	3.232
4254	3.17
4257	4.716
4259	4.022
4260	4.044
4265	3.087
4266	4.423
4267	3.784
4269	3.72
4272	3.993
4274	3.869
4275	4.051
4277	4.203
4279	3.695
4280	3.95
4282	3.883
4283	3.887
4284	4.024
4287	4.247
4289	2.913
4290	3.809
4291	3.312
4295	4.462
4301	4.423
4304	4.363
4305	3.917
4306	1.564
4307	1.446
4308	1.651
4312	3.772
4315	1.963
4316	4.06
4318	2.976
4320	3.511
4322	3.728
4323	4.098
4325	3.522
4328	3.503
4329	3.717
4338	2.777
4339	3.039
4340	1.764
4341	2.995
4344	3.688
4346	3.32
4347	3.196
4348	1.938
4349	2.988
4350	3.325
4351	4.396
4354	3.643
4357	1.688
4359	1.382
4361	3.857
4363	4.262
4364	3.743
4365	3.039
4369	2.963
4370	3.333
4377	3.229
4378	3.111
4379	3.163
4381	4.087
4382	4.376
4386	4.849
4387	3.953
4390	3.868
4392	3.978
4393	3.905
4394	3.979
4395	3.575
4396	3.501
4398	4.75
4401	3.663
4407	4.245
4408	4.026
4410	4.154
4412	3.046
4414	3.371
4417	3.764
4418	4.761
4426	3.917
4431	1.588
4432	3.186
4439	1.282
4440	1.21
4442	1.198
4443	4.114
4445	3.42
4446	3.659
4447	3.138
4454	4.045
4457	3.566
4458	3.197
4464	4.194
4468	2.977
4469	3.372
4471	4.254
4472	4.626
4473	4.102
4481	4.763
4486	1.567
4487	1.564
4490	4.266
4497	4.315
4498	3.68
4501	4.022
4503	3.182
4507	3.391
4509	3.666
4511	3.755
4513	2.546
4514	2.43
4515	2.476
4516	2.53
4517	4.797
4522	3.397
4523	2.661
4524	3.262
4525	4.002
4526	4.186
4529	3.852
4534	3.161
4540	2.781
4541	2.634
4544	4.845
4549	3.495
4551	3.27
4553	4.405
4556	3.734
4558	3.026
4559	2.988
4562	3.184
4564	4.297
4565	3.866
4567	3.772
4569	3.681
4570	4.248
4573	4.344
4574	3.653
4579	1.772
4580	4.845
4581	3.66
4585	3.73
4590	3.542
4595	1.286
4596	1.502
4597	1.393
4601	3.673
4605	3.476
4606	3.976
4611	4.242
4612	3.766
4616	4.323
4617	3.776
4619	3.898
4626	3.779
4630	1.433
4632	1.295
4633	1.321
4634	4.809
4635	3.787
4636	4.845
4637	3.873
4643	4.177
4644	3.582
4646	3.782
4648	3.646
4651	3.961
4652	4.136
4653	3.683
4656	2.598
4659	2.314
4660	2.407
4662	3.768
4663	4.803
4664	3.796
4665	3.058
4666	2.673
4668	2.296
4669	2.538
4671	4.2
4673	4.199
4674	4.206
4679	3.826
4680	4.06
4681	4.461
4683	4.41
4685	2.68
4686	3.615
4687	2.692
4688	3.87
4689	3.863
4696	2.848
4697	2.711
4699	4.42
4700	3.915
4701	4.369
4702	4.212
4710	4.037
4711	4.214
4712	3.21
4713	2.948
4716	3.269
4717	4.816
4718	3.875
4720	4.293
4724	2.586
4725	2.571
4728	4.185
4729	3.762
4731	3.684
4735	3.419
4740	3.792
4742	4.197
4743	3.464
4745	3.579
4746	2.88
4752	2.805
4753	2.756
4756	2.643
4759	4.331
4760	4.173
4761	2.552
4762	1.21
4763	1.198
4764	2.314
4766	4.415
4769	4.222
4771	2.422
4774	2.471
4777	4.342
4780	3.781
4782	3.694
4788	2.38
4790	2.284
4793	4.385
4794	3.72
4795	4.838
4796	3.578
4797	2.87
4798	3.508
4799	2.815
4800	4.03
4802	4.758
4805	4.745
4806	3.777
4807	3.664
4808	3.221
4810	2.866
4811	2.944
4812	2.824
4813	2.897
4815	4.379
4817	4.835
4819	2.966
4820	2.698
4821	3.529
4822	2.58
4825	3.85
4826	4.281
4832	3.728
4836	3.759
4839	2.465
4842	3.928
4844	4.829
4845	3.811
4847	2.309
4848	2.388
4849	2.445
4853	4.754
4855	3.022
4857	2.671
4858	2.673
4859	2.712
4860	3.745
4863	3.549
4867	1.825
4869	4.413
4872	3.88
4874	2.688
4877	3.205
4879	3.78
4880	4.244
4881	3.734
4882	3.377
4883	3.753
4885	3.346
4886	4
4888	3.7
4898	4.371
4900	2.861
4901	1.877
4903	1.736
4905	4.291
4911	1.285
4912	1.213
4913	1.217
4918	3.501
4919	3.818
4921	3.703
4922	3.887
4926	3.72
4928	2.542
4929	2.784
4932	4.115
4933	3.993
4937	4.001
4938	3.857
4940	3.36
4941	3.509
4942	3.747
4944	3.88
4946	3.723
4947	4.173
4948	3.849
4949	1.194
4950	1.198
4951	1.191
4953	1.194
4954	4.07
4957	4.036
4959	2.902
4960	1.678
4961	1.972
4964	3.724
4965	4.445
4967	3.042
4968	1.964
4970	2.211
4971	2.961
4974	3.715
4975	4.347
4977	1.374
4978	1.374
4981	4.8
4982	3.73
4985	2.187
4989	2.776
4990	4.791
4991	3.662
4992	4.82
4996	1.25
4997	1.291
4998	1.194
5000	3.873
5002	4.076
5005	3.877
5007	4.12
5010	4.803
5011	3.6
5012	3.693
5014	3.421
5015	3.267
5017	4.758
5018	4.186
5022	2.897
5023	3.047
5024	3.185
5025	2.797
5026	2.772
5027	3.058
5031	3.727
5032	4.134
5033	4.013
5037	3.912
5039	4.456
5040	3.551
5045	3.049
5046	2.754
5048	4.823
5049	3.848
5050	4.825
5053	1.712
5056	2.066
5058	3.726
5060	3.582
5064	3.401
5072	1.259
5073	1.194
5074	1.205
5078	3.717
5079	2.748
5080	3.22
5081	2.65
5083	3.563
5085	3.842
5086	4.308
5089	1.905
5091	1.669
5092	2.032
5096	4.026
5097	1.201
5100	1.194
5102	4.724
5105	3.529
5107	3.469
5109	2.348
5114	3.827
5115	1.34
5116	1.329
5117	1.384
5121	3.701
5123	3.492
5124	1.91
5125	1.712
5127	1.74
5132	3.839
5133	3.743
5134	3.815
5135	4.109
5136	3.539
5137	4.121
5139	3.849
5141	3.782
5142	1.802
5145	2.182
5147	4.149
5149	4.289
5153	1.194
5154	1.194
5155	1.194
5160	3.029
5161	2.545
5163	2.468
5166	3.873
5167	4.124
5169	2.43
5171	3.419
5175	3.666
5176	4.77
5177	3.764
5178	3.863
5186	3.842
5187	1.201
5189	1.53
5191	1.198
5195	2.112
5197	2.049
5198	2.26
5199	1.554
5201	4.324
5204	3.663
5208	2.113
5212	4.287
5215	2.286
5216	2.237
5219	4.41
5220	3.471
5223	2.932
5225	3.067
5226	3.349
5227	3.592
5231	3.785
5232	2.531
5234	3.26
5236	2.494
5238	3.661
5239	4.358
5242	2.87
5244	2.797
5246	4.713
5247	4.036
5248	4.279
5249	4.242
5251	1.758
5253	1.831
5254	1.831
5258	3.829
5260	3.521
5261	3.096
5262	3.411
5263	4.01
5264	3.588
5267	3.896
5269	3.896
5276	4.189
5277	3.483
5278	3.693
5282	4.104
5288	3.868
5291	4.092
5294	3.766
5296	1.201
5298	1.764
5303	3.8
5304	3.068
5306	3.241
5311	4.738
5313	3.166
5314	2.253
5317	3.796
5318	4.787
5319	3.834
5321	3.6
5324	3.076
5325	2.98
5327	4.36
5333	4.311
5334	4.08
5338	4.284
5340	3.59
5341	3.494
5342	3.732
5345	4.765
5346	3.623
5347	4.754
5348	4.232
5350	4.33
5351	4.704
5356	4.766
5357	3.604
5358	3.308
5359	3.453
5361	3.691
5362	4.059
5369	1.924
5370	1.705
5372	4.274
5376	1.194
5377	1.201
5378	1.191
5379	1.279
5380	1.191
5383	4.75
5384	3.799
5385	3.504
5387	2.773
5389	4.204
5391	3.767
5393	3.653
5395	2.895
5397	2.57
5398	3.478
5399	4.426
5401	4.391
5404	2.575
5405	2.602
5406	2.489
5407	2.308
5409	3.605
5411	3.641
5414	3.08
5415	2.906
5419	4.047
5420	3.807
5423	1.73
5426	4.37
5427	3.774
5429	3.869
5432	4.452
5434	4.427
5435	3.911
5436	4.146
5437	4.058
5439	2.25
5440	3.921
5443	3.727
5446	4.784
5447	3.654
5449	3.662
5455	4.742
5456	4.245
5457	3.044
5458	4.392
5459	2.064
5460	3.592
5462	4.355
5463	3.714
5464	4.839
5466	3.217
5467	2.774
5468	2.424
5471	4.266
5474	3.715
5476	1.833
5477	1.859
5478	2.638
5480	4.363
5483	4.216
5487	2.679
5489	4.377
5491	2.6
5492	3.647
5495	1.959
5496	2.544
5497	3.045
5500	4.229
5501	3.684
5502	2.646
5503	1.65
5504	2.85
5505	1.596
5507	4.826
5510	4.255
5512	2.08
5513	2.48
5514	3.356
5518	4.304
5520	2.83
5521	2.946
5522	3.914
5523	2.577
5525	4.315
5526	3.589
5530	3.571
5531	3.106
5532	3.355
5533	4.217
5534	4.039
5535	3.607
5537	4.208
5538	3.733
5545	4.282
5546	3.749
5548	2.008
5549	2.963
5552	4.247
5553	4.112
5554	4.257
5555	4.245
5556	1.201
5558	1.217
5560	1.213
5561	4.78
5563	4.199
5565	3.128
5568	3.389
5569	3.491
5575	2.732
5580	3.878
5582	4.173
5584	1.903
5586	2.922
5587	3.349
5591	3.813
5593	3.434
5595	4.18
5602	2.574
5603	3.454
5604	2.584
5607	3.748
5608	4.099
5609	3.846
5610	1.882
5612	1.846
5613	1.859
5614	1.86
5615	4.198
5617	4.467
5618	4.367
5619	3.166
5620	3.117
5621	3.19
5623	3.716
5624	4.694
5627	3.787
5632	3.478
5633	4.729
5634	3.978
5637	3.859
5640	2.711
5641	3.576
5642	4.51
5643	4.169
5645	3.708
5646	4.099
5647	3.564
5651	3.749
5653	4.287
5656	1.827
5659	1.735
5663	4.089
5664	3.466
5668	3.696
5671	4.326
5676	3.942
5677	4.387
5678	4.325
5679	4.174
5680	4.839
5683	3.269
5687	4.302
5691	3.149
5693	3.168
5694	3.038
5695	3.132
5696	4.657
5697	3.91
5701	3.733
5710	3.476
5712	4.216
5717	4.082
5718	4.138
5722	4.089
5725	4.839
5728	3.606
5732	3.433
5733	3.419
5736	1.602
5737	1.565
5739	1.578
5740	1.565
5741	4.378
5742	3.784
5744	3.714
5749	3.575
5750	4.189
5751	3.811
5752	4.217
5753	3.628
5755	3.08
5756	2.674
5758	3.405
5761	4.475
5762	4.337
5764	1.766
5765	1.812
5768	1.828
5770	4.78
5772	4.303
5773	3.701
5776	4.714
5777	3.587
5779	4.341
5781	3.837
5787	1.201
5788	4.792
5791	4.114
5792	4.739
5794	4.69
5797	4.249
5801	2.161
5810	1.702
5811	1.836
5812	1.861
5813	1.194
5815	4.275
5816	4.116
5819	1.79
5820	2.365
5821	1.702
5822	1.21
5823	1.751
5824	4.78
5825	4.177
5828	2.295
5829	3.508
5834	3.903
5835	4.778
5839	1.75
5841	1.858
5842	4.318
5845	3.821
5846	4.33
5847	3.663
5848	4.318
5851	4.379
5852	4.275
5853	4.348
5855	3.542
5857	3.17
5859	3.731
5860	4.336
5861	3.818
5864	3.761
5865	2.378
5867	3.756
5874	3.718
5875	4.218
5876	2.931
5879	4.119
5882	3.786
5883	3.512
5885	3.799
5886	3.847
5887	4.35
5890	3.731
5894	1.194
5895	1.194
5898	3.947
5899	4.407
5900	3.684
5901	4.296
5902	4.134
5905	4.412
5906	3.775
5907	4.27
5911	2.996
5918	1.397
5919	1.279
5922	1.546
5923	3.87
5928	2.27
5931	2.343
5936	2.668
5937	3.389
5941	4.395
5943	4.548
5944	3.835
5947	2.85
5948	3.421
5952	4.342
5956	3.239
5960	3.56
5964	4.188
5965	3.733
5966	2.651
5968	1.554
5970	1.642
5975	4.432
5976	4.095
5977	3.414
5978	3.211
5979	3.306
5982	3.596
5983	4.242
5986	3.74
5987	3.583
5988	3.589
5989	4.002
5990	2.845
5991	3.133
5992	3.438
5996	3.965
6000	3.829
6006	4.249
6007	3.998
6014	4.086
6015	3.096
6017	4.635
6020	3.268
6022	2.77
6027	4.454
6028	3.999
6029	3.165
6030	2.928
6032	3.153
6035	4.158
6037	3.752
6038	3.314
6041	2.667
6044	3.213
6045	4.629
6050	2.621
6051	2.867
6052	2.749
6053	2.793
6054	4.645
6056	4.141
6060	1.927
6061	1.915
6065	4.635
6068	2.039
6072	1.958
6075	3.793
6077	3.763
6080	4.259
6082	4.259
6083	4.717
6084	3.96
6085	4.643
6086	3.763
6088	3.315
6092	4.104
6093	3.881
6095	4.024
6096	3.59
6098	3.605
6099	3.289
6101	4.645
6103	3.981
6104	4.482
6105	3.847
6106	3.699
6108	3.224
6109	3.352
6112	3.047
6117	3.985
6120	4.11
6122	4.372
6123	4.622
6127	3.588
6128	3.7
6133	3.37
6135	4.453
6136	3.844
6137	3.253
6144	3.772
6145	4.404
6147	3.174
6150	3.295
6152	4.091
6154	4.623
6155	3.738
6157	1.742
6159	1.77
6160	1.755
6161	4.456
6164	3.806
6169	4.152
6170	4.519
6171	3.817
6174	3.816
6175	2.702
6176	2.998
6178	2.934
6179	2.78
6180	2.47
6183	4.617
6185	4.525
6186	4.159
6187	3.322
6188	3.13
6191	3.235
6193	3.351
6194	4.666
6195	4.035
6197	2.869
6198	2.719
6199	2.346
6200	2.719
6202	3.199
6205	3.689
6206	3.023
6208	2.729
6209	3.023
6211	2.894
6212	4.001
6214	4.596
6215	3.872
6218	4.424
6224	3.814
6225	3.069
6232	4.384
6233	3.837
6234	3.139
6236	3.431
6239	4.297
6241	4.169
6242	3.228
6243	2.874
6246	2.714
6248	4.435
6249	3.681
6250	4.381
6253	3.585
6258	3.597
6259	4.004
6263	3.902
6266	3.612
6267	3.972
6272	3.263
6278	4.046
6286	4.14
6288	4.132
6290	3.643
6291	3.863
6292	3.281
6293	3.065
6295	3.064
6297	4.623
6299	4.491
6300	3.806
6301	2.957
6302	2.965
6305	3.49
6306	4.673
6307	3.817
6308	4.422
6309	3.72
6310	2.938
6311	2.795
6313	2.639
6316	4.443
6317	4.315
6318	4.098
6319	3.29
6321	3.207
6326	4.229
6327	4.673
6333	3.436
6334	3.528
6335	4.036
6336	3.822
6337	4.391
6338	4.365
6342	3.886
6345	4.029
6346	4.173
6347	4.088
6348	4.554
6349	3.764
6350	3.713
6353	3
6357	4.495
6359	3.797
6360	3.734
6362	3.469
6363	3.808
6366	4.549
6368	3.899
6370	2.769
6372	2.966
6373	2.857
6375	4.623
6377	4.446
6381	3.241
6382	3.169
6385	3.047
6386	4.385
6387	3.778
6390	2.635
6392	2.869
6395	4.687
6397	4.447
6402	3.011
6404	4.531
6405	3.992
6407	4.59
6411	2.984
6412	2.859
6417	4.068
6419	3.807
6420	2.73
6421	2.993
6423	3.041
6424	3.032
6426	4.713
6429	3.54
6432	3.451
6434	3.82
6443	3.386
6444	3.3
6447	3.572
6448	4.723
6452	2.828
6454	3.371
6458	3.667
6460	4.254
6463	2.914
6467	2.893
6468	4.586
6469	4.513
6470	4.623
6471	3.776
6477	4.593
6478	3.69
6480	3.768
6488	4.538
6489	4.336
6491	2.67
6495	4.316
6496	3.825
6497	4.339
6499	3.458
6500	2.697
6506	4.286
6508	4.717
6510	3.2
6511	3.051
6513	3.254
6514	3.254
6517	3.689
6521	3.024
6527	3.964
6529	3.849
6531	3.746
6532	3.438
6535	3.826
6536	3.936
6540	3.937
6543	3.987
6545	3.865
6546	4.072
6548	4.699
6549	4.207
6550	3.209
6552	3.242
6554	3.355
6555	4.315
6557	4.605
6558	4.428
6559	3.204
6563	3.284
6565	3.821
6566	4.635
6567	3.656
6569	3.148
6572	2.794
6575	4.459
6576	4.402
6578	3.936
6579	4.022
6580	3.882
6582	3.082
6584	4.332
6588	3.172
6589	3.47
6591	3.859
6593	4.179
6595	4.647
6597	3.3
6599	3.314
6600	3.153
6603	3.956
6604	4.464
6605	3.944
6606	2.945
6607	3.253
6610	3.324
6614	4.101
6615	3.436
6617	3.014
6618	3.326
6619	3.262
6620	4.31
6626	3.18
6631	3.758
6632	4.24
6635	3.338
6638	3.361
6640	3.945
6644	3.715
6646	3.427
6647	3.175
6648	3.408
6656	2.456
6657	2.859
6658	2.935
6659	2.814
6664	3.134
6665	2.949
6669	4.325
6670	4.062
6671	4.576
6674	3.128
6675	2.95
6678	4.522
6683	3.26
6684	3.298
6687	4.127
6688	3.79
6692	2.614
6694	2.562
6695	2.779
6696	4.046
6697	4.561
6698	4.469
6700	3.159
6701	3.611
6711	2.875
6714	4.676
6715	3.701
6717	3.717
6720	3.519
6721	3.649
6723	3.707
6725	4.119
6728	4.276
6731	3.4
6733	3.197
6735	4.007
6736	4.502
6738	4.006
6742	3.489
6745	4.613
6746	3.804
6747	4.243
6748	4.314
6750	3.393
6752	3.095
6754	4.283
6757	3.974
6758	3.152
6760	3.186
6761	3.047
6762	3.042
6765	3.597
6766	4.042
6768	3.136
6769	3.507
6770	3.604
6771	3.179
6772	3.03
6773	3.633
6775	3.792
6777	4.167
6778	3.457
6781	3.238
6789	3.327
6791	3.357
6799	3.097
6800	3.109
6802	3.982
6804	4.177
6805	3.183
6810	3.032
6812	4.127
6813	3.729
6814	4.58
6816	3.485
6819	3.499
6822	4.085
6824	4.232
6825	3.818
6830	2.806
6833	4.009
6834	4.701
6840	2.701
6843	4.321
6845	4.121
6847	2.463
6851	2.529
6855	4.172
6857	3.332
6862	3.899
6863	4.1
6865	4.434
6868	3.607
6869	4.008
6870	4.584
6875	2.939
6877	3.273
6879	4.679
6880	3.615
6884	3.251
6885	3.4
6887	3.449
6890	4.638
6894	2.903
6896	3.187
6897	4.573
6899	4.676
6901	4.017
6902	3.463
6903	4.025
6905	4.038
6907	3.579
6913	3.216
6914	3.355
6918	4.628
6919	3.941
6920	3.894
6921	3.278
6922	3.894
6923	3.506
6924	3.317
6927	3.817
6931	2.785
6934	2.995
6940	2.581
6942	2.535
6945	2.74
6946	4.023
6947	3.735
6948	4.022
6950	3.814
6957	4.449
6958	3.614
6964	2.421
6966	2.152
6968	4.408
6969	3.799
6970	4.578
6974	3.163
6975	3.116
6978	3.384
6979	4.112
6980	4.118
6981	4.637
6982	3.828
6983	3.815
6987	3.742
6991	4.372
6992	2.651
6993	2.682
6994	2.78
6995	2.798
6996	2.86
6997	4.419
6998	4.083
7000	3.822
7001	2.811
7004	2.697
7005	2.684
7006	4.276
7008	4.681
7009	3.878
7013	3.883
7016	3.935
7019	4.026
7020	2.064
7021	1.932
7022	2.082
7025	1.994
7026	4.275
7028	4.352
7035	4.724
7040	3.114
7045	3.121
7054	3.435
7056	3.7
7058	3.681
7060	3.773
7061	3.937
7063	4.268
7066	4.369
7070	3.121
7074	4.187
7077	3.439
7081	3.599
7082	4.724
7083	3.879
7084	4.237
7085	3.982
7086	3.914
7087	3.203
7090	2.954
7092	3.177
7094	3.712
7099	3.069
7100	3.031
7101	3.094
7103	3.583
7104	4.577
7105	3.895
7108	3.179
7110	3.337
7116	3.885
7118	3.299
7119	3.537
7120	3.302
7121	3.49
7123	4.093
7124	4.624
7125	3.935
7126	3.886
7127	3.849
7133	3.892
7138	4.084
7139	3.986
7143	3.768
7144	3.735
7145	4.645
7150	3.247
7153	4.626
7155	4.315
7156	3.726
7161	4.14
7164	2.93
7165	4.692
7166	4.034
7185	4.494
7186	3.958
7189	3.319
7196	4.213
7200	3.121
7204	4.43
7205	3.894
7208	3.372
7209	3.887
7210	3.682
7211	3.547
7213	4.467
7217	3.574
7218	3.982
7219	3.785
7221	3.97
7222	4.713
7224	3.79
7226	3.742
7229	3.044
7230	3.202
7234	4.086
7235	3.703
7237	3.898
7239	3.222
7240	3.355
7241	3.346
7242	3.275
7246	4.61
7252	2.94
7262	3.437
7267	3.643
7268	4.612
7269	3.949
7270	3.839
7271	3.692
7274	3.97
7276	3.673
7277	4.623
7280	3.134
7281	3.567
7287	3.77
7291	2.375
7292	3.05
7293	2.394
7294	2.386
7298	3.625
7300	3.419
7302	3.1
7304	4.434
7306	4.356
7309	3.9
7313	4.014
7314	4.186
7315	4.581
7316	3.393
7320	3.956
7322	2.757
7332	3.633
7334	3.737
7335	3.482
7340	2.902
7343	3.068
7344	2.871
7346	4.356
7347	3.854
7349	3.87
7350	3.217
7352	3.452
7353	3.053
7358	3.857
7359	4.585
7362	2.345
7364	3.323
7365	3.155
7367	4.003
7368	4.628
7370	3.899
7371	3.304
7372	3.172
7375	3.211
7381	3.065
7383	2.96
7386	4.605
7388	4.33
7389	3.647
7390	3.491
7391	3.293
7392	3.41
7397	3.925
7398	3.758
7399	3.307
7402	3.327
7404	4.615
7411	3.134
7414	3.709
7416	4.758
7417	4.05
7418	4.441
7419	4.062
7420	3.872
7422	4.411
7423	4.197
7427	3.629
7428	3.68
7432	3.817
7434	3.936
7437	3.392
7438	3.257
7441	3.465
7444	3.925
7446	3.796
7451	2.896
7452	2.996
7454	2.957
7455	4.534
7457	4.749
7459	3.924
7461	2.998
7462	3.146
7468	4.326
7470	3.976
7472	3.066
7474	3.157
7476	3.172
7479	4.603
7481	3.471
7483	3.483
7485	3.483
7486	4.425
7487	3.666
7491	3.428
7492	3.752
7493	3.36
7496	3.252
7497	4.51
7499	4.215
7503	3.392
7504	2.734
7505	3.235
7506	4.713
7507	4.094
7508	4.62
7509	3.9
7511	3.454
7516	3.83
7522	3.172
7525	3.976
7526	3.951
7527	4.431
7532	2.845
7534	3.063
7537	4.381
7539	3.926
7542	3.473
7543	3.403
7545	3.399
7547	4.123
7549	3.774
7550	3.969
7551	3.914
7553	3.759
7554	3.926
7556	4.532
7557	4.606
7558	3.975
7559	4.159
7561	3.172
7563	3.103
7564	3.307
7567	3.997
7569	4.206
7572	3.968
7573	3.754
7576	3.747
7577	4.068
7580	3.201
7581	2.946
7583	3.31
7587	3.806
7588	4.431
7594	3.337
7599	4.059
7603	3.55
7606	4.076
7608	4.444
7609	3.89
7611	3.175
7612	3.543
7613	3.042
7616	3.789
7618	4.495
7619	3.823
7622	3.261
7625	3.239
7629	4.133
7630	3.895
7634	3.874
7636	3.76
7638	3.703
7639	4.026
7641	3.36
7642	3.751
7643	3.337
7647	3.863
7648	4.512
7651	3.252
7652	3.571
7653	3.423
7654	3.521
7657	3.764
7658	4.273
7659	4.497
7660	3.235
7662	3.329
7665	3.357
7666	4.577
7668	4.758
7669	3.708
7670	3.699
7672	3.777
7675	4.403
7678	4.594
7680	3.072
7681	3.223
7682	3.187
7687	3.909
7688	4.307
7689	4.307
7692	3.385
7697	3.847
7699	3.94
7700	2.788
7701	2.876
7702	2.792
7703	2.702
7707	3.686
7711	3.303
7712	4.021
7714	3.806
7716	3.97
7719	3.853
7722	3.54
7723	3.815
7724	4.373
7728	3.235
7729	2.037
7731	1.903
7732	1.962
7733	2.049
7739	3.068
7740	3.163
7741	2.894
7742	3.025
7744	4.614
7746	3.835
7747	4.347
7751	2.763
7752	2.974
7753	2.434
7754	2.649
7755	4.415
7757	3.962
7760	3.338
7763	3.436
7764	3.107
7768	4.431
7769	4.296
7771	3.915
7776	3.913
7777	4.543
7778	3.778
7779	4.479
7780	4.393
7781	2.657
7782	2.85
7784	2.644
7785	2.677
7787	3.877
7790	3.134
7792	3.009
7793	2.534
7794	3.11
7798	4.496
7804	4.302
7805	4.191
7807	3.668
7808	3.385
7810	3.144
7811	3.034
7813	4.302
7817	2.91
7819	2.977
7821	2.94
7822	4.601
7823	4.173
7834	3.741
7836	3.765
7838	4.048
7839	4.385
7841	3.93
7844	3.426
7847	2.711
7849	4.235
7851	4.292
7859	4.122
7861	3.695
7864	3.456
7866	3.679
7867	4.085
7868	3.858
7869	4.195
7872	3.465
7875	3.6
7876	3.548
7878	4.766
7881	4.141
7884	3.712
7887	4.192
7888	3.756
7890	3.913
7891	4.207
7892	4.165
7893	4.263
7896	4.283
7898	4.256
7899	4.068
7900	2.957
7902	2.97
7903	2.966
7906	3.84
7909	4.133
7912	3.269
7917	3.672
7921	3.203
7923	3.524
7925	4.159
7926	4.012
7927	3.931
7933	2.634
7934	4.701
7935	3.74
7936	4.478
7939	2.647
7940	2.78
7946	3.583
7949	3.317
7953	3.839
7954	4.522
7957	3.397
7959	3.116
7963	4.129
7964	4.125
7966	2.883
7967	2.773
7971	3.084
7972	4.17
7973	3.943
7976	3.347
7977	3.33
7980	3.674
7981	4.281
7985	3.671
7986	3.327
7987	3.798
7989	3.411
7990	3.228
7993	3.919
7995	4.391
7996	3.349
7998	3.086
7999	3.269
8002	3.984
8005	2.136
8006	2.148
8010	4.289
8012	4.395
8014	3.026
8018	3.477
8021	4.267
8024	3.619
8025	3.429
8028	4.211
8029	3.684
8031	3.867
8032	3.5
8037	4.444
8038	3.813
8039	4.26
8040	4.076
8041	3.267
8044	3.515
8047	4.09
8049	4.135
8050	3.956
8055	3.961
8058	4.078
8059	3.203
8060	3.043
8064	4.202
8065	4.08
8067	3.948
8068	4.277
8069	3.849
8071	3.423
8072	3.812
8073	4.119
8076	4.131
8077	3.416
8079	3.216
8084	4.205
8089	3.904
8090	3.989
8091	4.464
8092	4.11
8093	4.409
8094	4.127
8095	3.401
8096	3.303
8104	3.3
8105	3.478
8108	3.391
8109	4.086
8110	3.976
8112	3.903
8119	4.014
8120	3.915
8121	3.836
8124	3.024
8126	2.984
8127	3.832
8129	4.135
8130	3.984
8134	3.321
8136	4.382
8143	3.192
8145	4.098
8147	4.147
8152	3.165
8155	3.918
8156	4.457
8157	3.765
8158	3.076
8159	3.021
8161	3.023
8162	3.131
8165	4.309
8168	3.569
8173	4.004
8175	4.228
8177	3.229
8179	3.842
8180	4.174
8184	3.843
8186	4.081
8187	4.066
8189	4.053
8190	4.096
8191	3.944
8192	4.239
8194	3.128
8195	3.14
8196	3.115
8199	4.114
8200	4
8201	4.226
8206	3.539
8210	3.79
8211	3.928
8213	3.212
8215	3.154
8216	2.964
8217	4.21
8219	4.333
8223	3.496
8225	3.291
8227	4.03
8228	4.245
8230	3.895
8233	3.19
8246	4.164
8247	4.079
8248	3.611
8249	3.312
8251	3.263
8258	3.678
8264	4.292
8266	3.101
8267	3.117
8269	3.001
8272	4.353
8274	4.124
8276	3.009
8277	3.183
8281	3.9
8282	4.279
8283	3.932
8285	4.37
8288	3.774
8289	4.289
8294	3.84
8296	3.146
8300	4.25
8304	3.5
8305	3.415
8306	3.867
8307	4.271
8312	2.793
8314	2.847
8316	4.322
8317	3.354
8321	2.902
8323	3.251
8325	4.44
8327	4.15
8328	3.996
8329	3.237
8330	3.352
8331	3.276
8333	3.29
8335	3.76
8336	4.152
8338	4.278
8339	3.725
8340	3.811
8345	4.174
8347	3.733
8349	3.795
8351	3.77
8352	4.198
8355	4.125
8356	3.685
8358	3.752
8360	3.691
8363	4.43
8366	3.953
8367	3.644
8368	3.552
8374	3.119
8376	3.272
8377	2.927
8379	4.249
8381	4.324
8384	3.235
8388	4.226
8396	3.36
8400	3.708
8406	3.953
8407	4.257
8409	4.068
8412	4.444
8417	4.101
8419	3.301
8421	3.163
8424	4.256
8425	4.183
8426	4.157
8430	3.059
8431	2.925
8434	3.778
8435	4.32
8437	3.345
8441	3.398
8444	4.109
8446	3.943
8449	3.572
8452	3.684
8453	4.357
8455	3.637
8456	3.575
8457	3.582
8458	3.358
8459	3.558
8460	4.166
8462	4.329
8469	4.086
8470	3.958
8474	2.985
8475	2.873
8476	2.998
8479	4.191
8481	4.312
8482	3.368
8483	3.525
8484	3.401
8486	3.458
8489	4.71
8490	3.934
8492	3.319
8493	3.413
8494	3.478
8501	3.701
8502	3.915
8504	4.189
8506	4.019
8507	4.119
8511	3.528
8512	3.565
8514	4.175
8516	4.202
8517	3.872
8520	4.033
8521	3.874
8524	4.248
8525	4.405
8528	2.156
8529	2.919
8530	2.159
8532	4.347
8536	3.648
8537	3.636
8538	3.535
8541	4.246
8543	3.986
8551	4.126
8555	3.382
8561	4.178
8562	4.178
8563	3.203
8564	3.398
8566	3.285
8567	3.398
8569	3.722
8571	4.204
8572	3.628
8574	3.082
8578	4.127
8581	3.461
8582	3.132
8584	3.05
8586	4.615
8588	4.045
8589	4.122
8590	2.746
8593	2.66
8594	2.785
8596	4.191
8597	3.749
8598	3.852
8600	3.256
8601	3.527
8606	4.262
8607	3.889
8608	3.967
8609	3.351
8610	3.436
8611	3.632
8613	4.387
8614	3.906
8618	3.082
8620	2.893
8622	4.446
8624	3.946
8626	2.928
8627	1.893
8629	3.192
8630	2.932
8631	4.208
8635	3.629
8636	3.335
8637	3.332
8639	3.569
8645	3.482
8646	3.457
8647	2.922
8649	3.071
8651	3.984
8656	3.103
8657	3.799
8663	3.847
8664	3.233
8665	3.16
8668	3.184
8669	4.084
8674	3.029
8675	3.077
8676	3.102
8679	3.949
8680	4.028
8683	2.497
8684	2.467
8685	2.411
8686	2.489
8689	4.029
8690	4.228
8691	4.091
8692	3.749
8696	4.225
8697	3.723
8699	4.1
8702	3.454
8705	4.053
8708	4.152
8709	3.376
8712	3.223
8716	4.017
8719	2.443
8724	3.724
8728	3.674
8738	4.078
8739	3.735
8741	4.199
8742	4.138
8743	4.488
8746	3.705
8748	4.038
8749	4.109
8750	4.47
8751	4.17
8753	3.772
8756	3.575
8757	3.269
8759	4.226
8760	3.939
8766	2.76
8767	2.966
8768	4.417
8775	3.357
8777	4.21
8779	4.063
8781	3.505
8783	3.928
8784	3.608
8787	3.837
8790	3.634
8791	3.496
8794	3.874
8796	4
8800	3.976
8801	3.893
8805	4.023
8813	4.11
8814	3.951
8815	4.23
8816	4.134
8822	4.194
8823	4.06
8830	3.392
8834	4.202
8836	3.33
8838	3.024
8842	4.118
8844	3.205
8846	3.256
8848	3.317
8852	4.014
8854	4.001
8856	4.12
8858	4.408
8859	4.104
8862	3.432
8867	3.306
8869	4.075
8873	3.516
8875	3.51
8876	4.129
8878	4.152
8879	3.981
8888	4.039
8892	2.772
8894	4.615
8901	2.93
8902	3.147
8903	4.261
8907	3.274
8908	2.89
8913	3.891
8914	4.071
8915	4.022
8916	2.99
8917	3.248
8918	3.03
8924	3.924
8926	3.407
8932	4.214
8934	3.72
8936	3.972
8937	3.821
8941	4.365
8942	3.949
8943	2.985
8944	2.747
8945	3.111
8948	4.244
8949	4.159
8952	3.685
8955	3.61
8956	3.735
8957	4.271
8958	4.1
8959	4.35
8961	3.452
8964	3.256
8965	3.207
8966	4.175
8967	3.925
8972	3.837
8973	3.348
8976	4.024
8977	3.939
8978	3.931
8980	3.289
8982	3.265
8983	3.363
8987	4.014
8988	2.966
8992	3.781
8994	4.075
8996	4.202
8998	3.293
8999	3.813
9000	3.855
9001	3.379
9005	3.964
9006	4.199
9011	3.855
9015	4.414
9017	2.835
9019	2.394
9021	2.465
9024	4.137
9028	3.242
9030	3.194
9031	4.127
9033	4.231
9035	3.059
9037	3.242
9038	3.24
9039	3.302
9040	4.366
9041	4.087
9044	3.901
9045	3.815
9046	4.005
9050	4.004
9051	4.397
9053	3.472
9054	3.61
9058	4.044
9066	3.779
9067	4.167
9068	4.017
9070	4.064
9071	3.174
9073	2.907
9074	2.895
9075	2.87
9077	3.939
9078	3.988
9080	3.823
9083	3.082
9085	4.221
9086	4.086
9090	2.367
9094	4.262
9095	4.016
9096	4.032
9097	3.851
9098	3.223
9099	3.298
9101	3.277
9103	4.322
9106	3.768
9108	3.07
9109	3.045
9110	2.998
9113	3.706
9117	3.001
9126	2.473
9127	2.636
9129	2.654
9131	3.743
9133	3.994
9134	3.862
9137	3.493
9139	4.377
9140	3.763
9141	4.16
9142	3.766
9146	3.779
9147	4.082
9148	4.29
9150	4.444
9153	2.614
9155	2.838
9156	2.773
9159	4.457
9160	3.865
9161	3.384
9167	3.839
9171	4.008
9172	4.008
9177	3.964
9181	3.053
9183	3.127
9184	4.57
9185	3.994
9186	4.245
9187	3.883
9189	3.399
9192	3.194
9193	4.362
9194	4.021
9196	3.895
9206	3.161
9208	3.024
9212	3.821
9213	4.143
9215	3.162
9222	4.189
9223	3.87
9230	4.083
9233	4.271
9235	3.901
9236	3.869
9238	4.162
9239	4.1
9240	4.147
9241	3.964
9247	4.184
9249	4.28
9250	4.092
9254	1.869
9255	2.57
9259	3.924
9262	3.199
9264	3.028
9269	3.1
9272	2.556
9273	3.046
9274	4.174
9275	3.99
9280	3.434
9281	2.911
9284	3.982
9285	4.334
9288	2.852
9292	4.181
9293	3.717
9295	4.022
9297	3.114
9299	2.968
9300	3.163
9305	3.097
9307	3.058
9308	2.999
9309	3.121
9313	3.667
9315	2.636
9319	4.393
9323	4.14
9326	3.14
9327	2.87
9328	2.956
9329	3.065
9330	4.446
9335	3.754
9337	3.514
9338	3.876
9342	4.064
9343	2.854
9344	2.692
9349	4.074
9350	4.165
9351	4.055
9354	3.171
9356	3.434
9361	3.483
9362	3.403
9367	3.95
9368	4.184
9369	4.037
9370	3.289
9373	3.286
9374	3.16
9375	4.177
9377	4.128
9385	4.116
9386	4.116
9387	3.791
9388	2.55
9389	2.912
9391	2.886
9393	4.187
9394	3.882
9395	4.392
9400	3.677
9402	4.186
9407	2.588
9408	3.354
9412	4.134
9413	4.17
9414	3.79
9423	4.044
9426	3.293
9427	2.973
9430	3.932
9431	4.22
9434	4.133
9435	4.373
9436	3.971
9437	4.315
9438	4.016
9439	3.95
9442	3.257
9444	3.054
9445	3.195
9447	4.422
9448	4.113
9449	3.755
9451	3.889
9455	3.388
9456	3.675
9457	3.695
9461	3.937
9462	3.228
9465	2.587
9467	4.236
9469	4.125
9471	2.873
9473	2.982
9475	2.676
9482	3.618
9488	3.64
9489	3.958
9492	2.837
9493	3.892
9495	4.137
9496	4.129
9497	4.105
9499	3.207
9502	3.182
9504	4.137
9506	3.964
9510	3.417
9512	4.268
9515	3.95
9516	3.248
9517	3.14
9524	4.098
9525	3.687
9526	3.743
9529	3.675
9530	4.128
9531	3.913
9532	4.481
9535	2.31
9537	2.212
9538	2.588
9540	3.9
9541	4.297
9542	4.211
9544	1.852
9549	3.762
9551	4.145
9554	3.579
9555	3.894
9556	4.034
9557	4.243
9558	4.033
9561	4.296
9562	4.269
9563	4.245
9565	4.232
9567	4.118
9569	3.96
9570	3.242
9572	3.443
9574	3.47
9576	4.068
9577	4.105
9578	4.068
9579	3.377
9580	3.328
9581	2.942
9583	3.328
9591	1.821
9592	2.782
9593	1.93
9594	2.187
9599	3.105
9600	3.382
9602	3.212
9604	4.341
9605	3.736
9607	3.913
9609	3.293
9610	3.74
9615	4.37
9616	4.106
9617	3.688
9624	4.226
9627	3.866
9631	4.453
9632	4.137
9635	4.039
9636	4.026
9638	3.987
9639	3.734
9641	4.014
9643	3.882
9644	4.221
9645	4.101
9646	2.385
9650	2.935
9651	4.123
9653	4.21
9656	3.426
9657	3.365
9659	3.377
9662	4.283
9665	4.094
9666	3.966
9667	3.796
9668	4.106
9675	3.202
9676	2.727
9678	4.242
9680	4.3
9684	3.151
9687	4.1
9689	4.066
9691	2.84
9692	3.443
9694	3.357
9695	3.361
9697	4.11
9698	4.251
9699	4.177
9700	2.899
9701	2.77
9702	2.953
9703	2.806
9704	2.924
9708	4.111
9709	3.622
9710	3.548
9715	4.122
9717	4.101
9718	3.361
9719	3.305
9720	3.394
9721	3.333
9723	4.137
9726	4.125
9730	1.78
9731	1.829
9733	3.984
9736	3.499
9738	3.528
9744	4.237
9746	3.853
9748	3.709
9749	3.795
9752	4.275
9753	4.213
9757	3.061
9758	3.061
9760	2.062
9764	1.295
9765	1.237
9766	2.184
9769	1.301
9770	1.456
9773	1.28
9774	1.31
9776	2.146
9778	1.303
9780	1.316
9784	1.256
9786	2.924
9795	1.295
9799	1.285
9800	2.157
9803	1.237
9805	1.467
9806	1.556
9811	1.434
9814	1.379
9815	1.176
9816	1.153
9817	1.988
9820	1.156
9821	1.324
9825	1.692
9827	1.83
9829	1.469
9836	1.275
9839	1.21
9840	1.215
9841	1.987
9844	2.082
9846	1.398
9847	1.209
9851	1.188
9853	1.326
9856	1.229
9859	1.176
9860	1.163
9863	1.21
9864	1.45
9868	1.307
9870	1.196
9874	2.246
9875	1.576
9876	1.297
9877	2.221
9878	1.424
9879	1.15
9882	1.184
9884	1.248
9885	1.16
9886	1.217
9889	1.482
9893	1.481
9895	2.084
9897	2.171
9900	1.279
9903	1.441
9904	2.877
9905	1.194
9907	1.199
9911	1.252
9912	1.199
9914	1.277
9915	1.477
9916	1.24
9919	1.179
9921	1.236
9922	1.153
9926	1.153
9927	1.186
9934	1.36
9935	1.32
9936	1.224
9938	1.335
9939	2.175
9940	2.446
9942	1.252
9943	1.323
9947	2.21
9948	1.303
9949	2.958
9951	1.186
9955	1.25
9960	1.201
9967	3.148
9968	1.957
9973	1.252
9974	1.163
9976	1.914
9980	1.443
9981	1.309
9982	1.18
9983	1.907
9984	1.486
9985	1.159
9993	2.089
9997	1.272
9998	1.146
9999	2.049
10000	1.15
