pair_ID	relatedness_score
1	4.121
2	3.773
3	3.669
5	3.15
9	3.255
12	3.618
14	3.211
18	3.121
25	2.662
26	2.83
28	3.145
30	4.312
35	3.165
40	3.309
42	3.785
44	4.376
45	3.852
47	2.9
49	2.964
55	4.229
56	4.164
58	3.54
62	3.611
65	3.648
70	4.053
72	3.621
73	4.128
77	4.02
78	3.992
79	3.689
81	2.833
82	2.893
83	2.8
84	3.061
85	2.74
87	4.012
88	3.885
90	3.913
91	3.307
93	2.702
94	2.683
97	2.632
98	4.4
99	4.23
100	4.192
107	3.764
112	2.436
113	2.642
117	2.565
120	3.911
122	4.205
124	2.99
126	2.896
127	2.586
129	4.201
130	3.93
131	3.807
133	4.154
136	2.847
139	3.16
140	4.518
141	3.771
146	3.192
148	2.972
150	3.788
159	4.057
161	3.715
163	3.18
164	3.181
170	4.263
173	2.985
176	2.925
183	3.684
184	2.935
186	3.295
188	3.107
192	4.101
194	3.836
200	4.13
201	3.833
202	4.116
205	3.142
215	3.127
216	2.921
217	2.99
223	3.241
224	3.056
226	3.253
227	3.215
232	3.848
233	4.227
234	2.702
237	2.74
238	2.629
240	3.891
241	4.108
248	3.57
249	2.944
254	3.75
256	3.954
257	2.888
258	2.935
259	3.001
260	2.861
265	4.049
266	3.836
269	3.486
272	3.205
273	4.158
276	3.786
277	2.639
279	3.347
283	3.791
286	2.629
287	3.594
289	3.163
291	4.013
293	4.349
296	2.732
301	3.743
302	4.146
303	4.167
305	3.362
309	3.248
310	3.419
311	4.178
312	3.893
313	4.173
315	3.826
323	4.027
327	2.724
329	2.695
331	3.841
332	3.889
333	3.972
335	3.756
338	2.328
339	3.271
340	4.411
341	3.798
342	3.524
344	3.907
346	2.91
347	2.976
351	4.26
354	4.188
358	3.217
360	3.064
361	3.261
362	4.36
363	3.783
366	3.69
367	3.261
370	3.63
372	3.865
373	3.858
374	4.108
375	3.584
377	3.031
378	2.681
379	2.945
380	2.755
381	2.955
387	3.789
390	3.993
391	4.317
392	3.944
393	3.877
395	3.906
396	3.01
397	3.012
398	3.074
403	4.005
404	4.037
409	2.398
410	2.694
413	3.645
415	4.175
422	4.007
423	3.752
427	3.414
428	3.033
434	4.225
435	3.86
436	3.945
438	2.716
439	2.831
440	2.973
441	2.995
442	3.334
446	4.069
447	2.941
449	2.805
451	2.885
454	3.887
457	3.224
461	2.959
462	3.313
465	4
470	3.092
473	4.173
475	3.831
476	3.86
477	3.327
484	4.187
485	4.098
486	3.712
489	3.219
491	4.344
494	4.318
496	3.376
497	3.024
499	2.697
500	2.562
505	4.268
506	3.822
507	3.863
508	3.284
513	2.865
514	3.559
515	4.081
516	3.736
522	3.087
524	3.824
527	3.114
528	3.989
529	2.978
531	4.039
535	2.9
538	2.449
541	4.395
542	3.893
545	3.87
548	2.937
550	3.117
551	2.945
552	2.935
555	3.592
556	3.608
557	4.409
560	3.4
561	3.431
564	3.036
565	3.026
568	4.043
570	4.412
581	4.164
586	3.584
587	3.773
588	3.751
597	2.944
599	3.187
601	4.091
603	4.419
604	4.123
605	3.736
606	3.154
609	2.884
611	2.841
617	4.08
621	2.935
622	3.342
625	3.364
626	3.923
628	3.772
629	4.398
631	3.844
632	3.271
634	2.464
637	2.976
638	3.251
641	3.756
643	3.867
645	3.254
646	2.879
648	3.379
649	2.742
650	2.687
653	4.303
655	4.406
657	3.884
660	2.802
661	3.86
663	3.263
668	3.829
671	2.988
672	2.563
676	4.089
678	3.602
679	4.375
680	3.849
685	3.047
690	4.136
691	3.672
692	4.108
693	3.949
696	3.065
697	3.054
699	2.968
702	4.425
703	4.187
704	4.126
709	3.097
715	3.564
722	3.001
723	3.19
725	3.127
727	3.778
728	4.143
729	4.278
730	3.824
731	3.336
732	2.941
733	3.246
734	3.137
735	3.076
736	3.16
737	4.442
738	4.386
741	4.208
745	2.673
746	2.9
747	2.977
748	2.564
749	2.824
752	4.437
754	3.676
757	3.145
760	3.644
761	4.071
762	4.227
764	3.117
766	3.165
769	2.988
772	4.412
774	3.976
777	2.862
783	4.08
784	4.348
785	4.217
789	3.255
791	3.183
792	2.85
793	3.52
796	4.4
797	3.718
799	3.003
802	2.836
804	3.195
811	2.869
812	2.901
813	2.802
820	3.729
822	2.897
824	2.839
825	2.823
830	4.423
831	3.938
836	3.343
839	3.371
841	3.766
844	4.217
845	4.018
846	2.515
848	2.366
851	2.666
852	2.69
855	3.529
857	4.182
858	4.325
859	3.97
862	3.589
864	3.892
866	4.177
867	4.456
868	3.769
869	4.163
870	3.468
872	3.141
874	3.017
876	3.691
878	3.998
879	3.424
880	3.941
881	3.956
883	3.336
887	3.117
888	3.39
889	3.137
892	4.468
893	4.014
895	3.04
898	3.237
902	3.979
904	3.791
906	3.104
908	3.59
909	3.345
910	3.504
915	4.083
917	3.258
920	3.276
922	3.256
927	3.821
931	3.339
932	2.734
935	3.719
936	3.627
940	3.207
943	3.35
944	3.017
945	2.99
948	3.975
949	3.789
950	4.333
953	3.51
956	3.368
957	2.417
959	3.482
960	4.107
961	3.634
962	3.322
963	4.28
967	3.082
970	2.998
973	4.048
975	3.65
978	3.616
979	3.096
984	3.055
985	3.109
989	4.359
991	3.624
994	2.839
996	2.78
998	2.741
1000	3.888
1002	3.926
1004	2.987
1007	3.033
1008	4.433
1009	4.075
1010	3.499
1016	3.08
1018	2.997
1019	2.893
1021	4.45
1022	4.022
1026	3.144
1028	3.183
1029	3.061
1031	3.214
1033	3.888
1037	3.715
1038	2.993
1043	2.659
1044	3.032
1045	4.093
1046	3.817
1047	3.815
1048	4.432
1049	3.896
1050	3.537
1052	2.882
1053	1.765
1054	2.977
1055	2.685
1057	2.844
1061	4.398
1064	3.246
1065	3.454
1068	3.212
1069	3.016
1074	4.015
1076	3.961
1080	3.343
1082	4.418
1083	3.836
1084	3.873
1087	3.75
1088	3.91
1090	3.363
1091	3.958
1092	3.747
1093	3.27
1094	4.016
1095	4.472
1097	3.631
1099	3.559
1104	1.627
1105	1.593
1108	3.617
1109	4.105
1111	2.405
1112	2.314
1115	2.561
1117	3.991
1118	3.668
1120	3.625
1122	3.701
1128	4.169
1129	4.258
1133	2.993
1135	2.337
1145	1.736
1147	1.621
1149	3.588
1153	3.103
1154	3.609
1155	3.237
1157	4.321
1161	3.221
1162	3.335
1165	3.518
1167	3.773
1169	3.745
1175	3.436
1179	2.392
1180	2.338
1182	2.475
1184	4.392
1188	4.099
1191	3.781
1193	4.01
1194	3.634
1195	4.311
1196	3.66
1200	3.648
1202	3.697
1205	4.21
1206	3.927
1207	3.788
1212	2.761
1213	2.9
1214	2.876
1215	4.178
1219	3.071
1221	3.651
1222	3.534
1227	3.641
1228	3.629
1230	3.169
1239	3.02
1240	3.286
1242	3.896
1244	3.615
1246	1.999
1248	2.886
1249	2.562
1251	4.083
1255	2.65
1259	3.195
1268	3.459
1270	3.718
1271	2.762
1273	2.392
1274	2.478
1275	2.906
1276	2.428
1280	3.861
1282	2.831
1283	2.507
1284	3.478
1287	4.251
1291	3.749
1292	3.894
1293	3.775
1294	3.562
1297	3.7
1303	2.803
1305	2.482
1308	3.796
1311	3.751
1317	1.702
1318	4.054
1319	3.982
1321	3.335
1326	3.945
1328	3.701
1329	3.924
1335	3.234
1336	3.636
1341	3.72
1342	3.956
1344	3.629
1345	3.478
1346	3.898
1350	3.835
1352	2.385
1354	2.306
1355	3.686
1358	3.509
1359	3.943
1361	4.127
1365	2.662
1368	3.749
1371	3.772
1372	3.409
1373	3.872
1376	3.911
1378	4.672
1379	4.201
1380	3.179
1381	3.628
1384	3.718
1385	4.192
1386	3.919
1387	4.234
1388	3.663
1389	2.788
1399	2.588
1403	4.7
1404	4.324
1405	3.06
1407	2.041
1408	1.681
1409	1.713
1414	4.02
1415	3.739
1417	4.051
1419	3.527
1421	4.094
1427	2.298
1429	2.336
1431	3.753
1432	4.084
1434	3.04
1435	3.141
1438	3.954
1444	3.686
1446	2.514
1448	4.624
1453	1.689
1455	1.653
1458	3.658
1461	1.71
1463	1.728
1464	1.775
1466	4.396
1467	4.184
1473	2.342
1474	2.333
1476	3.501
1479	4.096
1480	3.753
1481	3.858
1482	3.494
1483	4.303
1484	4.334
1486	3.902
1488	3.544
1489	3.658
1494	3.832
1498	3.858
1499	4.228
1501	4.08
1504	4.305
1505	4.204
1509	3.103
1511	4.035
1513	3.812
1514	4.066
1517	1.637
1519	1.703
1521	3.704
1523	4.025
1524	3.701
1527	2.989
1531	4.166
1532	3.655
1534	1.607
1535	1.724
1536	1.724
1538	4.085
1541	3.572
1545	2.658
1547	4.344
1549	3.996
1550	3.724
1551	3.55
1552	2.928
1553	3.721
1557	4.031
1558	4.622
1559	3.771
1563	3.708
1565	4.322
1566	3.729
1570	3.748
1573	1.978
1574	2.728
1575	2.63
1576	2.728
1580	3.945
1582	2.962
1585	2.801
1586	3.466
1587	4.139
1588	3.785
1591	2.869
1592	2.532
1595	3.147
1599	3.807
1601	3.289
1604	3.441
1606	3.384
1607	3.782
1609	3.535
1610	4.363
1612	3.772
1614	4.354
1615	3.597
1618	4.392
1621	3.807
1625	2.402
1626	2.603
1627	3.321
1629	2.622
1631	3.915
1632	3.073
1635	1.702
1639	2.894
1640	4.299
1641	3.853
1643	4.367
1646	3.659
1647	3.678
1648	3.803
1649	3.749
1650	3.698
1651	3.585
1652	4.197
1653	4.333
1655	3.692
1657	3.78
1659	2.921
1660	4.125
1661	3.407
1663	4.146
1668	4.042
1669	4.649
1670	1.698
1671	1.81
1673	1.558
1675	2.624
1677	3.74
1680	4.346
1682	3.994
1687	3.905
1691	3.811
1694	3.777
1697	2.964
1700	2.918
1702	3.068
1705	4.649
1706	4.094
1707	2.44
1708	2.375
1712	4.728
1714	3.724
1715	4.25
1716	3.966
1719	4.157
1721	4.009
1723	4.159
1724	3.813
1729	2.491
1733	2.418
1736	4.273
1741	1.575
1747	4.14
1751	3.52
1753	3.913
1755	3.685
1756	3.529
1757	3.888
1759	3.237
1765	4.442
1766	3.893
1771	3.182
1772	2.864
1773	2.883
1776	2.673
1777	3.086
1780	4.226
1781	3.728
1782	4.072
1783	3.738
1784	3.281
1787	3.122
1789	4.424
1791	3.631
1792	3.834
1798	3.219
1808	2.546
1809	2.826
1812	2.952
1814	3.706
1815	2.779
1818	3.152
1820	2.928
1822	2.113
1823	2.074
1825	2.157
1829	4.098
1830	3.812
1832	2.507
1840	3.792
1841	2.938
1842	4.399
1844	1.547
1846	1.568
1849	1.559
1851	3.87
1852	3.358
1853	3.931
1854	3.211
1866	2.302
1869	2.854
1873	4.125
1874	2.925
1876	3.805
1878	3.876
1879	2.902
1882	2.864
1884	3.229
1886	3.892
1887	3.814
1888	4.369
1892	2.98
1894	3.663
1897	3.604
1898	4.01
1904	2.327
1907	1.677
1908	2.516
1909	4.115
1910	3.398
1912	4.323
1918	2.544
1919	2.401
1921	2.452
1927	3.524
1934	1.819
1935	4.471
1936	3.882
1939	2.388
1940	1.754
1942	2.492
1943	2.388
1946	4.438
1948	2.65
1949	1.62
1954	3.92
1955	3.604
1961	1.861
1963	1.912
1967	4.4
1969	3.12
1970	3.317
1972	3.096
1974	3.797
1975	2.064
1978	3.829
1981	4.245
1984	1.601
1987	1.555
1988	3.926
1989	3.728
1991	4.269
1992	4.032
1993	3.749
1994	3.274
1996	3.074
1999	2.937
2000	3.802
2004	4.235
2005	4.094
2006	3.447
2007	2.541
2008	2.503
2009	2.622
2011	3.628
2012	2.748
2014	4.086
2015	3.827
2016	3.038
2018	4.071
2020	2.79
2023	1.987
2024	2.666
2025	1.827
2027	4.124
2029	2.604
2030	4.248
2035	2.787
2037	3.556
2038	2.762
2040	4.293
2041	3.811
2045	4.201
2047	2.416
2049	2.39
2051	1.603
2052	2.526
2055	4.212
2056	4.3
2059	2.842
2061	3.153
2064	4.155
2066	3.966
2067	4.299
2068	3.806
2070	2.945
2072	2.958
2073	3.047
2075	4.591
2076	3.552
2078	4.243
2079	3.914
2080	3.632
2081	3.159
2082	2.971
2084	3.174
2086	3.103
2087	3.382
2088	4.657
2090	3.791
2091	4.13
2092	3.787
2094	1.615
2097	3.317
2098	2.384
2100	2.422
2102	3.829
2103	3.674
2104	4.319
2105	3.645
2107	2.268
2109	2.735
2112	2.322
2113	2.341
2115	4.074
2117	4.164
2118	3.814
2119	3.234
2121	3.318
2122	3.227
2123	3.772
2124	3.662
2125	3.438
2132	3.31
2136	4.704
2139	4.045
2141	3.424
2144	2.248
2145	3.207
2146	3.086
2148	3.239
2150	3.965
2153	3.583
2163	4.123
2164	4.276
2165	3.875
2167	3.626
2170	4.352
2171	4.661
2172	3.841
2175	3.786
2176	3.796
2179	3.708
2180	3.179
2181	3.799
2183	4.16
2184	4.067
2188	4.078
2192	3.709
2195	3.809
2196	2.302
2198	3.59
2199	2.995
2202	4.247
2203	4.094
2205	4.677
2207	4.101
2208	3.558
2210	3.656
2212	3.554
2213	3.435
2215	4.354
2217	4.068
2218	3.927
2222	4.003
2226	4.322
2228	4.135
2232	4.307
2233	4.164
2234	4.341
2235	4.358
2236	3.752
2238	3.799
2239	3.589
2240	3.47
2242	2.904
2243	3.365
2247	3.863
2250	3.61
2251	3.756
2252	4.004
2253	3.804
2259	3.52
2260	3.448
2261	3.506
2263	4.048
2266	4.381
2272	4.15
2274	4.114
2275	3.984
2277	3.229
2281	3.495
2282	4.436
2287	3.776
2288	4.447
2289	3.757
2291	4.29
2297	3.844
2299	4.244
2302	4.323
2303	3.935
2304	3.371
2305	3.319
2307	3.658
2308	3.319
2309	4.448
2310	3.722
2311	3.66
2314	3.294
2315	3.381
2316	3.378
2317	2.074
2318	3.81
2319	3.509
2322	4.295
2327	3.716
2329	3.788
2330	3.687
2332	3.713
2333	3.5
2338	3.9
2339	3.586
2340	3.352
2341	3.023
2344	2.92
2348	4.157
2350	3.654
2351	3.091
2352	3.091
2358	4.187
2359	3.776
2360	4.353
2363	3.274
2365	3.162
2368	4.417
2369	3.776
2374	4.22
2375	3.89
2377	3.796
2381	3.962
2383	3.121
2386	3.868
2388	3.761
2391	4.232
2397	4.096
2400	3.568
2401	3.564
2407	3.632
2409	3.761
2413	1.611
2414	1.955
2415	4.045
2422	3.28
2423	3.434
2426	3.686
2429	3.773
2431	3.36
2436	2.859
2438	4.371
2440	4.145
2441	3.691
2445	4.423
2447	4.154
2450	3.696
2455	3.457
2456	3.223
2457	3.068
2458	3.483
2459	4.353
2465	3.843
2466	3.6
2467	3.963
2472	3.502
2474	4.044
2486	4.294
2491	3.422
2494	3.336
2495	4.298
2496	4.046
2497	3.065
2499	3.409
2500	3.1
2505	2.924
2506	4.357
2508	3.321
2509	4.44
2510	3.892
2514	3.614
2515	3.629
2518	3.549
2521	3.615
2529	3.868
2530	4.428
2538	4.127
2539	4.313
2540	3.924
2543	3.484
2545	3.457
2549	3.806
2551	3.549
2553	3.782
2554	3.935
2555	4.413
2561	4.23
2569	1.766
2572	3.122
2574	3.846
2577	4.116
2578	3.71
2579	3.906
2582	4.177
2583	3.514
2588	3.861
2589	3.292
2590	3.988
2591	4.273
2592	3.963
2593	3.901
2594	3.344
2596	3.799
2597	3.13
2599	3.806
2601	4.262
2602	4.458
2608	3.71
2615	4.463
2619	3.543
2622	4.442
2623	2.936
2625	4.368
2626	3.874
2627	4.374
2628	3.721
2630	2.691
2632	4.242
2634	3.252
2636	3.626
2637	4.138
2638	3.799
2640	3.676
2643	3.92
2650	2.945
2651	2.958
2654	3.738
2655	4.241
2656	3.929
2657	3.67
2660	2.86
2664	4.019
2666	4.067
2670	3.341
2672	3.273
2673	4.251
2675	4.388
2680	3.619
2682	3.689
2684	4.576
2688	3.353
2689	3.295
2691	3.17
2692	3.354
2696	3.876
2701	3.85
2702	4.463
2703	3.742
2705	3.582
2707	3.395
2708	3.777
2709	3.365
2710	3.699
2711	4.357
2713	4.337
2714	3.804
2715	4.175
2716	3.019
2718	3.468
2724	4.4
2728	2.814
2730	1.758
2731	2.955
2734	3.782
2735	4.056
2739	3.486
2741	3.606
2744	4.629
2748	3.963
2751	4.38
2752	4.236
2754	3.757
2755	3.433
2756	3.029
2757	3.354
2758	3.165
2761	3.797
2763	3.791
2764	3.595
2765	4.045
2768	3.766
2770	3.77
2774	3.81
2775	3.219
2776	3.911
2777	3.889
2778	3.831
2779	3.944
2783	3.877
2784	3.946
2787	4.121
2788	4.307
2789	4.42
2792	3.786
2797	3.653
2799	3.654
2800	4.674
2802	3.075
2803	3.081
2807	4.428
2809	4.227
2811	3.567
2813	3.486
2815	3.544
2817	3.791
2818	3.731
2821	2.929
2827	4.436
2828	3.831
2837	3.786
2838	4.029
2839	3.284
2844	3.687
2845	4.441
2850	4.037
2851	3.966
2853	3.881
2854	4.217
2856	4.266
2857	3.235
2860	3.624
2861	3.944
2862	3.712
2863	4.132
2864	3.453
2865	4.283
2867	3.712
2868	3.485
2870	3.088
2874	4.068
2875	3.733
2879	3.762
2881	4.262
2883	4.672
2890	4.43
2891	4.248
2894	3.397
2896	3.961
2899	4.257
2900	3.114
2903	3.974
2905	3.903
2907	4.007
2908	4.414
2909	3.938
2910	4.43
2913	3.119
2915	3.412
2916	3.235
2917	4.406
2918	4.122
2919	4.353
2920	3.762
2924	3.536
2926	4.756
2927	3.63
2930	3.072
2933	3.022
2935	4.398
2937	4.359
2938	3.753
2939	3.74
2941	3.285
2943	3.749
2945	4.177
2951	3.202
2952	3.581
2955	4.727
2957	4.402
2958	3.763
2959	3.797
2960	3.868
2961	3.91
2964	3.967
2966	4.125
2969	3.912
2970	3.768
2971	3.609
2974	3.953
2976	4.05
2977	4.104
2980	3.479
2981	3.166
2983	3.169
2984	2.735
2988	3.962
2989	3.744
2992	3.202
2994	3.326
2997	4.074
2998	3.908
3005	3.741
3007	3.785
3010	3.222
3014	4.081
3015	4.272
3016	3.838
3018	4.201
3019	3.44
3022	3.305
3024	4.031
3027	3.465
3031	3.404
3038	3.88
3039	4.253
3041	4.253
3042	4.304
3043	3.542
3046	3.868
3047	3.859
3049	3.364
3050	3.923
3054	3.884
3059	4.293
3062	4.373
3065	3.597
3068	3.443
3069	3.594
3071	4.425
3072	4.07
3073	4.624
3079	3.658
3081	4.196
3085	3.419
3091	4.004
3092	3.766
3094	3.16
3097	3.402
3100	3.615
3102	3.105
3110	3.706
3111	4.276
3114	3.399
3121	3.978
3126	3.951
3129	4.399
3130	3.467
3132	3.13
3134	3.061
3140	4.099
3150	3.302
3153	3.814
3156	4.759
3157	3.735
3158	4.46
3161	3.908
3162	3.691
3164	3.431
3165	3.697
3166	3.853
3170	3.914
3182	4.21
3186	3.607
3187	4.318
3188	3.732
3192	2.885
3200	3.992
3201	3.64
3202	3.897
3203	4.716
3208	3.711
3213	3.04
3214	4.273
3217	3.876
3218	3.99
3221	4.304
3223	4.412
3224	3.783
3227	3.656
3228	3.556
3230	4.437
3232	4.135
3238	3.377
3242	3.544
3243	3.857
3248	3.665
3252	3.583
3253	3.53
3254	3.228
3255	3.483
3256	3.583
3257	4.451
3260	4.009
3261	4.77
3262	4.02
3264	4.113
3271	3.309
3272	3.914
3273	3.676
3274	3.786
3277	4.036
3278	3.81
3280	3.737
3281	3.957
3283	3.911
3285	3.98
3286	4.128
3287	3.822
3288	3.684
3294	2.792
3298	4.281
3299	3.662
3303	3.75
3304	3.913
3311	3.126
3313	2.907
3314	3.359
3316	3.784
3319	3.196
3321	3.823
3324	3.678
3325	4.228
3327	3.656
3329	3.883
3330	3.008
3332	2.94
3336	4.12
3339	3.969
3340	3.344
3342	3.078
3344	3.92
3345	3.453
3346	3.679
3347	2.8
3349	3.738
3351	3.156
3353	2.729
3357	4.759
3358	3.635
3359	4.775
3362	3.672
3366	4.216
3367	4.096
3368	2.707
3369	2.582
3370	3.35
3371	2.996
3372	3.544
3374	3.729
3375	4.182
3376	4.267
3378	2.772
3382	3.114
3385	3.856
3386	3.926
3389	3.564
3395	4.396
3396	3.817
3397	2.839
3400	2.857
3405	3.994
3407	3.347
3411	4.355
3412	4.091
3413	4.019
3414	4.235
3416	2.77
3418	2.904
3422	4.368
3424	3.067
3426	4.063
3427	3.162
3428	3.193
3429	3.607
3432	4.084
3435	4.213
3436	3.717
3437	3.875
3438	3.745
3440	3.57
3443	3.953
3444	3.994
3448	3.466
3451	4.44
3452	3.748
3453	4.391
3454	3.856
3461	3.566
3462	4.171
3465	3.678
3467	3.798
3471	4.421
3472	3.72
3479	3.447
3480	4.451
3484	4.183
3486	3.827
3487	3.438
3488	3.839
3491	3.304
3492	3.827
3494	3.695
3496	3.503
3500	4.044
3504	3.876
3507	3.707
3508	3.765
3510	3.918
3511	3.683
3512	3.975
3514	3.317
3516	3.88
3517	3.106
3528	3.672
3529	3.401
3530	4.048
3533	4.021
3534	4.03
3537	4.171
3538	3.476
3539	3.196
3541	3.483
3542	3.944
3543	3.874
3544	4.423
3547	3.777
3548	3.461
3549	2.934
3552	3.347
3554	3.895
3556	3.085
3561	4.238
3565	3.843
3566	3.437
3567	3.95
3568	3.869
3569	4.034
3571	3.556
3572	3.555
3574	3.853
3576	3.534
3577	4.289
3579	3.323
3580	3.409
3582	3.335
3584	4.288
3589	3.635
3592	4.354
3602	3
3603	3.75
3607	3.604
3611	3.171
3614	3.172
3618	3.317
3620	3.3
3623	3.547
3624	4.261
3627	3.741
3629	3.654
3630	3.318
3633	3.176
3635	4.218
3638	3.843
3639	3.299
3640	3.248
3643	3.165
3646	4.06
3647	4.079
3649	3.806
3650	3.258
3651	3.156
3653	3.311
3658	3.781
3666	4.41
3668	4.421
3669	3.789
3672	3.056
3673	3.088
3682	3.473
3684	2.677
3685	3.438
3686	2.268
3687	3.487
3689	3.983
3690	3.89
3691	4.395
3692	3.859
3693	4.132
3694	3.779
3695	4.26
3696	3.93
3697	3.644
3699	4.708
3701	4.33
3702	3.679
3703	3.911
3705	3.974
3707	4.266
3708	4.294
3710	4.359
3713	4.457
3719	4.429
3720	3.759
3725	3.78
3727	3.386
3728	4.209
3736	2.74
3737	3.277
3739	2.749
3740	3.277
3742	3.534
3743	4.7
3746	3.296
3748	3.075
3750	4.177
3751	3.805
3752	4.448
3753	4.077
3755	3.736
3756	3.98
3758	3.921
3759	4.386
3761	4.373
3762	3.577
3765	4.375
3766	3.761
3770	4.384
3774	3.997
3776	4.327
3777	4.378
3779	4.208
3780	4.319
3781	3.783
3783	3.321
3784	2.792
3785	3.1
3788	3.201
3789	3.278
3795	3.648
3797	3.424
3799	3.079
3800	3.889
3801	4.297
3803	3.964
3804	4.204
3805	3.597
3807	2.989
3809	3.166
3814	3.678
3820	3.668
3821	3.15
3823	4.249
3825	4.424
3826	3.344
3827	4.03
3828	3.524
3831	4.028
3834	4.182
3836	4.575
3838	3.811
3839	3.708
3840	3.826
3844	3.809
3845	3.95
3846	4.423
3847	3.767
3852	3.162
3853	3.938
3856	4.403
3857	3.888
3860	3.29
3864	3.195
3866	3.573
3868	3.409
3869	4.153
3870	3.519
3871	3.385
3872	3.249
3873	2.654
3874	3.032
3882	3.931
3883	3.501
3884	4.264
3885	3.867
3886	3.839
3887	4.3
3892	3.026
3893	3.668
3895	3.3
3898	2.622
3899	2.612
3901	2.153
3904	4.142
3905	4.304
3908	3.301
3912	3.957
3914	4.237
3915	3.756
3917	3.247
3920	3.24
3921	4.165
3924	4.453
3929	2.751
3930	3.537
3934	4.381
3935	3.641
3936	4.31
3938	3.764
3939	3.659
3940	3.976
3942	3.948
3943	4.045
3947	4.214
3948	3.772
3949	4.054
3951	4.232
3955	3.848
3956	3.126
3957	3.828
3958	3.699
3961	3.176
3970	2.975
3972	4.262
3973	3.593
3976	2.847
3980	4.186
3985	3.265
3986	2.956
3987	3.184
3990	4.219
3992	4.383
3993	3.866
3994	3.519
3995	3.132
3998	2.979
3999	2.781
4002	3.882
4004	4.364
4007	3.891
4012	3.93
4013	3.664
4014	4.041
4017	4.173
4020	4.002
4021	3.988
4028	3.95
4033	3.376
4034	3.11
4036	4.399
4037	3.832
4038	4.777
4040	3.216
4041	2.495
4043	3.006
4045	3.853
4046	3.308
4047	4.243
4049	3.856
4050	3.276
4056	4.486
4058	3.996
4061	3.463
4062	4.16
4063	3.995
4065	3.812
4068	3.166
4069	3.002
4071	3.651
4072	3.304
4074	4.777
4076	4.44
4083	3.747
4084	4.44
4085	4.766
4087	3.769
4088	4.039
4090	3.871
4094	3.42
4100	4.003
4102	3.14
4105	2.981
4108	3.772
4109	4.749
4112	3.239
4113	3.477
4115	3.789
4117	3.846
4118	4.213
4119	3.639
4120	4.072
4123	3.29
4125	3.277
4126	3.443
4127	4.394
4132	4.072
4134	3.767
4136	3.946
4137	3.745
4141	3.004
4142	3.378
4145	4.448
4146	3.708
4147	3.944
4148	3.779
4149	3.136
4152	3.167
4154	4.709
4162	3.618
4163	4.178
4165	4.34
4168	3.457
4173	3.649
4174	4.703
4176	3.389
4178	4.204
4179	3.135
4181	4.167
4183	3.925
4185	3.954
4193	3.749
4194	4.256
4195	3.768
4197	2.718
4199	2.775
4202	3.817
4205	3.871
4207	4.016
4209	3.842
4212	4.364
4213	3.812
4214	3.401
4216	2.68
4219	4.3
4220	3.304
4221	4.316
4223	3.263
4228	4.165
4231	4.028
4232	2.185
4235	2.161
4236	3.496
4238	3.812
4239	4.684
4242	2.945
4244	3.021
4246	3.586
4247	3.408
4248	4.199
4251	3.155
4252	2.947
4253	3.156
4254	3.335
4257	4.63
4259	3.966
4260	4.072
4265	2.934
4266	4.414
4267	3.83
4269	3.78
4272	3.972
4274	3.897
4275	3.994
4277	4.137
4279	3.713
4280	3.91
4282	3.787
4283	3.861
4284	3.988
4287	4.187
4289	2.928
4290	3.829
4291	3.305
4295	4.333
4301	4.427
4304	4.232
4305	3.952
4306	1.392
4307	1.324
4308	1.66
4312	3.758
4315	2.148
4316	4.074
4318	3.034
4320	3.516
4322	3.752
4323	4.093
4325	3.578
4328	3.528
4329	3.777
4338	2.713
4339	3.002
4340	1.722
4341	3.144
4344	3.739
4346	3.351
4347	3.202
4348	2.13
4349	3.053
4350	3.367
4351	4.287
4354	3.631
4357	1.674
4359	1.515
4361	3.857
4363	4.167
4364	3.737
4365	2.978
4369	2.92
4370	3.398
4377	3.083
4378	3.041
4379	3.185
4381	4.097
4382	4.288
4386	4.779
4387	3.978
4390	3.895
4392	3.98
4393	3.82
4394	3.905
4395	3.47
4396	3.445
4398	4.692
4401	3.728
4407	4.207
4408	4.075
4410	4.067
4412	2.96
4414	3.389
4417	3.795
4418	4.683
4426	3.903
4431	1.429
4432	3.225
4439	1.244
4440	1.206
4442	1.197
4443	4.13
4445	3.451
4446	3.734
4447	2.985
4454	3.986
4457	3.561
4458	3.295
4464	4.173
4468	2.964
4469	3.288
4471	4.189
4472	4.612
4473	4.091
4481	4.688
4486	1.607
4487	1.603
4490	4.2
4497	4.243
4498	3.733
4501	4.076
4503	3.131
4507	3.357
4509	3.68
4511	3.782
4513	2.505
4514	2.439
4515	2.514
4516	2.543
4517	4.728
4522	3.371
4523	2.766
4524	3.16
4525	4
4526	4.162
4529	3.862
4534	3.182
4540	2.907
4541	2.851
4544	4.778
4549	3.524
4551	3.253
4553	4.41
4556	3.77
4558	3.109
4559	3.071
4562	3.322
4564	4.242
4565	3.88
4567	3.789
4569	3.697
4570	4.199
4573	4.265
4574	3.716
4579	1.518
4580	4.778
4581	3.711
4585	3.72
4590	3.423
4595	1.238
4596	1.361
4597	1.301
4601	3.732
4605	3.5
4606	3.933
4611	4.204
4612	3.774
4616	4.257
4617	3.792
4619	3.901
4626	3.777
4630	1.319
4632	1.253
4633	1.265
4634	4.758
4635	3.775
4636	4.778
4637	3.875
4643	4.156
4644	3.607
4646	3.727
4648	3.609
4651	3.985
4652	4.043
4653	3.705
4656	2.573
4659	2.424
4660	2.449
4662	3.756
4663	4.743
4664	3.835
4665	3.061
4666	2.778
4668	2.565
4669	2.696
4671	4.181
4673	4.166
4674	4.199
4679	3.81
4680	3.987
4681	4.329
4683	4.409
4685	2.783
4686	3.665
4687	2.792
4688	3.906
4689	3.787
4696	3.053
4697	2.824
4699	4.408
4700	3.88
4701	4.354
4702	4.149
4710	4.037
4711	4.19
4712	3.173
4713	3.075
4716	3.252
4717	4.763
4718	3.869
4720	4.234
4724	2.735
4725	2.724
4728	4.159
4729	3.819
4731	3.727
4735	3.357
4740	3.858
4742	4.091
4743	3.442
4745	3.667
4746	2.904
4752	2.796
4753	2.719
4756	2.618
4759	4.243
4760	4.14
4761	2.615
4762	1.202
4763	1.194
4764	2.196
4766	4.292
4769	4.144
4771	2.442
4774	2.519
4777	4.264
4780	3.77
4782	3.707
4788	2.406
4790	2.352
4793	4.247
4794	3.774
4795	4.768
4796	3.62
4797	2.918
4798	3.49
4799	2.882
4800	4.021
4802	4.682
4805	4.685
4806	3.766
4807	3.722
4808	3.261
4810	2.995
4811	3.159
4812	2.953
4813	3.005
4815	4.385
4817	4.769
4819	2.963
4820	2.816
4821	3.566
4822	2.654
4825	3.841
4826	4.24
4832	3.761
4836	3.721
4839	2.644
4842	3.932
4844	4.774
4845	3.803
4847	2.185
4848	2.459
4849	2.475
4853	4.688
4855	2.989
4857	2.772
4858	2.791
4859	2.818
4860	3.812
4863	3.446
4867	1.751
4869	4.41
4872	3.923
4874	2.793
4877	3.294
4879	3.813
4880	4.208
4881	3.805
4882	3.438
4883	3.753
4885	3.306
4886	3.969
4888	3.771
4898	4.255
4900	2.839
4901	1.824
4903	1.754
4905	4.192
4911	1.245
4912	1.206
4913	1.209
4918	3.516
4919	3.72
4921	3.76
4922	3.871
4926	3.764
4928	2.606
4929	2.849
4932	4.14
4933	4.032
4937	4.042
4938	3.844
4940	3.27
4941	3.502
4942	3.716
4944	3.871
4946	3.783
4947	4.141
4948	3.851
4949	1.192
4950	1.191
4951	1.193
4953	1.192
4954	4.027
4957	4.035
4959	2.939
4960	1.475
4961	2.153
4964	3.739
4965	4.43
4967	3.292
4968	2.339
4970	2.49
4971	3.197
4974	3.791
4975	4.234
4977	1.292
4978	1.292
4981	4.733
4982	3.738
4985	1.98
4989	2.799
4990	4.7
4991	3.717
4992	4.764
4996	1.223
4997	1.25
4998	1.196
5000	3.903
5002	4.117
5005	3.824
5007	4.008
5010	4.743
5011	3.645
5012	3.652
5014	3.526
5015	3.307
5017	4.696
5018	4.152
5022	3.103
5023	3.056
5024	3.283
5025	2.859
5026	2.82
5027	3.213
5031	3.759
5032	4.119
5033	3.984
5037	3.867
5039	4.43
5040	3.596
5045	3.085
5046	2.82
5048	4.758
5049	3.892
5050	4.766
5053	1.736
5056	1.906
5058	3.744
5060	3.651
5064	3.358
5072	1.223
5073	1.195
5074	1.201
5078	3.751
5079	2.841
5080	3.113
5081	2.688
5083	3.561
5085	3.818
5086	4.317
5089	1.827
5091	1.678
5092	2.384
5096	4.064
5097	1.198
5100	1.189
5102	4.669
5105	3.6
5107	3.474
5109	2.584
5114	3.877
5115	1.268
5116	1.262
5117	1.294
5121	3.728
5123	3.558
5124	1.827
5125	1.736
5127	1.751
5132	3.866
5133	3.736
5134	3.783
5135	4.045
5136	3.439
5137	4.059
5139	3.851
5141	3.811
5142	1.775
5145	2.336
5147	4.172
5149	4.225
5153	1.191
5154	1.191
5155	1.191
5160	2.881
5161	2.542
5163	2.462
5166	3.886
5167	4.263
5169	2.448
5171	3.389
5175	3.686
5176	4.707
5177	3.801
5178	3.933
5186	3.893
5187	1.198
5189	1.36
5191	1.195
5195	2.181
5197	2.141
5198	2.277
5199	1.413
5201	4.361
5204	3.733
5208	2.455
5212	4.376
5215	2.355
5216	2.284
5219	4.265
5220	3.546
5223	3.158
5225	3.08
5226	3.378
5227	3.537
5231	3.808
5232	2.589
5234	3.195
5236	2.562
5238	3.735
5239	4.359
5242	2.946
5244	2.938
5246	4.627
5247	4.037
5248	4.212
5249	4.179
5251	1.744
5253	1.805
5254	1.805
5258	3.851
5260	3.577
5261	3.303
5262	3.39
5263	3.961
5264	3.592
5267	3.958
5269	3.958
5276	4.169
5277	3.633
5278	3.634
5282	4.142
5288	3.87
5291	4.023
5294	3.825
5296	1.203
5298	1.755
5303	3.844
5304	3.263
5306	3.314
5311	4.681
5313	3.255
5314	2.535
5317	3.831
5318	4.727
5319	3.865
5321	3.665
5324	3.125
5325	3.019
5327	4.281
5333	4.238
5334	4.071
5338	4.227
5340	3.578
5341	3.52
5342	3.704
5345	4.737
5346	3.635
5347	4.694
5348	4.174
5350	4.261
5351	4.608
5356	4.703
5357	3.621
5358	3.402
5359	3.477
5361	3.763
5362	4.018
5369	1.837
5370	1.732
5372	4.214
5376	1.195
5377	1.197
5378	1.194
5379	1.242
5380	1.194
5383	4.692
5384	3.849
5385	3.332
5387	2.879
5389	4.151
5391	3.862
5393	3.727
5395	3.044
5397	2.708
5398	3.516
5399	4.399
5401	4.386
5404	2.543
5405	2.597
5406	2.586
5407	2.522
5409	3.644
5411	3.714
5414	3.103
5415	3.035
5419	3.994
5420	3.848
5423	1.476
5426	4.287
5427	3.763
5429	3.895
5432	4.339
5434	4.318
5435	3.853
5436	4.113
5437	4.023
5439	2.303
5440	3.908
5443	3.7
5446	4.751
5447	3.718
5449	3.699
5455	4.656
5456	4.171
5457	3.063
5458	4.391
5459	2.409
5460	3.679
5462	4.269
5463	3.75
5464	4.775
5466	3.275
5467	2.977
5468	2.651
5471	4.223
5474	3.772
5476	1.796
5477	1.805
5478	2.565
5480	4.302
5483	4.167
5487	2.849
5489	4.397
5491	2.768
5492	3.681
5495	2.086
5496	2.62
5497	3.057
5500	4.174
5501	3.706
5502	2.676
5503	1.702
5504	3.057
5505	1.635
5507	4.764
5510	4.2
5512	2.429
5513	2.654
5514	3.284
5518	4.243
5520	2.935
5521	2.961
5522	3.825
5523	2.768
5525	4.232
5526	3.65
5530	3.622
5531	3.153
5532	3.351
5533	4.145
5534	3.965
5535	3.695
5537	4.161
5538	3.676
5545	4.206
5546	3.778
5548	1.878
5549	2.821
5552	4.222
5553	4.103
5554	4.204
5555	4.193
5556	1.197
5558	1.211
5560	1.205
5561	4.723
5563	4.175
5565	3.171
5568	3.474
5569	3.618
5575	2.806
5580	3.848
5582	4.157
5584	2.121
5586	2.954
5587	3.303
5591	3.83
5593	3.494
5595	4.131
5602	2.688
5603	3.486
5604	2.704
5607	3.809
5608	4.105
5609	3.841
5610	1.82
5612	1.792
5613	1.801
5614	1.803
5615	4.178
5617	4.427
5618	4.287
5619	3.249
5620	3.172
5621	3.287
5623	3.732
5624	4.637
5627	3.787
5632	3.421
5633	4.654
5634	4.001
5637	3.856
5640	2.775
5641	3.583
5642	4.47
5643	4.165
5645	3.768
5646	4.025
5647	3.601
5651	3.775
5653	4.226
5656	1.804
5659	1.745
5663	4.098
5664	3.402
5668	3.659
5671	4.264
5676	3.961
5677	4.386
5678	4.246
5679	4.112
5680	4.775
5683	3.216
5687	4.23
5691	3.192
5693	3.342
5694	3.209
5695	3.298
5696	4.624
5697	3.901
5701	3.745
5710	3.437
5712	4.162
5717	4.091
5718	4.135
5722	4.091
5725	4.775
5728	3.677
5732	3.519
5733	3.471
5736	1.638
5737	1.618
5739	1.627
5740	1.618
5741	4.286
5742	3.831
5744	3.751
5749	3.536
5750	4.154
5751	3.815
5752	4.199
5753	3.652
5755	2.978
5756	2.602
5758	3.429
5761	4.471
5762	4.256
5764	1.749
5765	1.795
5768	1.794
5770	4.723
5772	4.244
5773	3.744
5776	4.648
5777	3.602
5779	4.253
5781	3.854
5787	1.195
5788	4.746
5791	4.086
5792	4.697
5794	4.599
5797	4.204
5801	2.481
5810	1.72
5811	1.804
5812	1.822
5813	1.199
5815	4.225
5816	4.084
5819	1.775
5820	2.454
5821	1.72
5822	1.209
5823	1.757
5824	4.723
5825	4.138
5828	2.579
5829	3.579
5834	3.876
5835	4.748
5839	1.754
5841	1.818
5842	4.243
5845	3.853
5846	4.254
5847	3.685
5848	4.243
5851	4.226
5852	4.208
5853	4.278
5855	3.456
5857	3.245
5859	3.785
5860	4.263
5861	3.857
5864	3.788
5865	2.595
5867	3.758
5874	3.77
5875	4.149
5876	3.013
5879	4.122
5882	3.784
5883	3.565
5885	3.799
5886	3.856
5887	4.262
5890	3.737
5894	1.196
5895	1.196
5898	3.946
5899	4.395
5900	3.628
5901	4.315
5902	4.117
5905	4.388
5906	3.824
5907	4.204
5911	3.03
5918	1.295
5919	1.242
5922	1.603
5923	3.829
5928	2.332
5931	2.447
5936	2.76
5937	3.39
5941	4.311
5943	4.482
5944	3.755
5947	2.939
5948	3.479
5952	4.373
5956	3.373
5960	3.572
5964	4.09
5965	3.78
5966	2.59
5968	1.384
5970	1.419
5975	4.348
5976	4.114
5977	3.479
5978	3.256
5979	3.253
5982	3.591
5983	4.126
5986	3.746
5987	3.596
5988	3.595
5989	3.851
5990	2.847
5991	3.264
5992	3.307
5996	4.015
6000	3.817
6006	4.325
6007	3.937
6014	4.087
6015	3.11
6017	4.583
6020	3.219
6022	2.813
6027	4.418
6028	4.035
6029	3.164
6030	2.926
6032	3.193
6035	4.187
6037	3.817
6038	3.309
6041	2.73
6044	3.275
6045	4.532
6050	2.622
6051	2.866
6052	2.743
6053	2.812
6054	4.566
6056	4.131
6060	1.599
6061	1.592
6065	4.581
6068	1.672
6072	1.615
6075	3.761
6077	3.81
6080	4.221
6082	4.221
6083	4.607
6084	4.011
6085	4.559
6086	3.817
6088	3.352
6092	4.098
6093	3.889
6095	4.009
6096	3.572
6098	3.599
6099	3.24
6101	4.565
6103	3.984
6104	4.451
6105	3.846
6106	3.749
6108	3.194
6109	3.228
6112	3.075
6117	4.032
6120	3.994
6122	4.289
6123	4.538
6127	3.648
6128	3.59
6133	3.343
6135	4.419
6136	3.957
6137	3.24
6144	3.775
6145	4.399
6147	3.221
6150	3.275
6152	4.084
6154	4.583
6155	3.761
6157	1.482
6159	1.483
6160	1.492
6161	4.436
6164	3.832
6169	4.138
6170	4.485
6171	3.799
6174	3.802
6175	2.855
6176	2.972
6178	2.867
6179	2.811
6180	2.608
6183	4.469
6185	4.458
6186	4.133
6187	3.302
6188	3.219
6191	3.306
6193	3.311
6194	4.603
6195	4.092
6197	2.834
6198	2.78
6199	2.249
6200	2.786
6202	3.212
6205	3.598
6206	3.02
6208	2.796
6209	3
6211	2.963
6212	3.981
6214	4.527
6215	3.829
6218	4.314
6224	3.843
6225	3.128
6232	4.31
6233	3.818
6234	3.197
6236	3.432
6239	4.08
6241	4.153
6242	3.16
6243	2.936
6246	2.767
6248	4.335
6249	3.758
6250	4.29
6253	3.532
6258	3.551
6259	4.022
6263	3.913
6266	3.669
6267	3.943
6272	3.235
6278	4.04
6286	4.072
6288	4.093
6290	3.732
6291	3.908
6292	3.222
6293	3.117
6295	3.079
6297	4.588
6299	4.354
6300	3.796
6301	3.071
6302	2.965
6305	3.517
6306	4.61
6307	3.884
6308	4.402
6309	3.774
6310	2.887
6311	2.867
6313	2.689
6316	4.33
6317	4.159
6318	4.078
6319	3.311
6321	3.199
6326	4.205
6327	4.589
6333	3.476
6334	3.604
6335	4.043
6336	3.82
6337	4.304
6338	4.38
6342	3.872
6345	3.971
6346	4.093
6347	4.124
6348	4.528
6349	3.804
6350	3.735
6353	3.026
6357	4.446
6359	3.762
6360	3.732
6362	3.387
6363	3.809
6366	4.503
6368	3.972
6370	2.856
6372	2.989
6373	2.964
6375	4.531
6377	4.421
6381	3.173
6382	3.108
6385	3.127
6386	4.296
6387	3.776
6390	2.708
6392	2.877
6395	4.618
6397	4.419
6402	3.03
6404	4.48
6405	3.981
6407	4.462
6411	2.995
6412	2.9
6417	4.004
6419	3.83
6420	2.878
6421	3.061
6423	2.99
6424	3.014
6426	4.621
6429	3.401
6432	3.534
6434	3.903
6443	3.417
6444	3.412
6447	3.601
6448	4.635
6452	2.862
6454	3.421
6458	3.727
6460	4.221
6463	2.893
6467	2.913
6468	4.526
6469	4.459
6470	4.534
6471	3.823
6477	4.534
6478	3.718
6480	3.812
6488	4.526
6489	4.252
6491	2.608
6495	4.27
6496	3.847
6497	4.267
6499	3.519
6500	2.754
6506	4.132
6508	4.607
6510	3.304
6511	3.048
6513	3.247
6514	3.268
6517	3.704
6521	2.939
6527	4.059
6529	3.844
6531	3.764
6532	3.512
6535	3.789
6536	3.886
6540	4.015
6543	3.967
6545	3.878
6546	4.01
6548	4.603
6549	4.156
6550	3.275
6552	3.261
6554	3.342
6555	4.271
6557	4.521
6558	4.332
6559	3.179
6563	3.249
6565	3.884
6566	4.588
6567	3.788
6569	3.079
6572	2.808
6575	4.354
6576	4.348
6578	3.912
6579	4.025
6580	3.903
6582	3.072
6584	4.248
6588	3.155
6589	3.406
6591	3.836
6593	4.144
6595	4.592
6597	3.293
6599	3.33
6600	3.088
6603	3.982
6604	4.353
6605	3.971
6606	3.018
6607	3.183
6610	3.352
6614	4.033
6615	3.437
6617	2.94
6618	3.255
6619	3.281
6620	4.165
6626	3.138
6631	3.742
6632	4.135
6635	3.259
6638	3.291
6640	3.986
6644	3.723
6646	3.466
6647	3.197
6648	3.406
6656	2.444
6657	2.829
6658	2.929
6659	2.779
6664	3.063
6665	2.856
6669	4.367
6670	4.079
6671	4.528
6674	3.073
6675	2.99
6678	4.394
6683	3.277
6684	3.336
6687	4.107
6688	3.863
6692	2.55
6694	2.668
6695	2.81
6696	4.081
6697	4.502
6698	4.45
6700	3.183
6701	3.631
6711	2.936
6714	4.607
6715	3.783
6717	3.712
6720	3.458
6721	3.625
6723	3.735
6725	4.116
6728	4.186
6731	3.446
6733	3.184
6735	4.019
6736	4.47
6738	4.038
6742	3.535
6745	4.54
6746	3.747
6747	4.224
6748	4.225
6750	3.375
6752	3.14
6754	4.339
6757	3.993
6758	3.153
6760	3.114
6761	3.007
6762	2.981
6765	3.66
6766	4.056
6768	3.085
6769	3.454
6770	3.615
6771	3.143
6772	3.04
6773	3.641
6775	3.81
6777	4.137
6778	3.363
6781	3.351
6789	3.268
6791	3.323
6799	3.048
6800	3.067
6802	4.002
6804	4.098
6805	3.114
6810	2.952
6812	4.106
6813	3.733
6814	4.524
6816	3.439
6819	3.463
6822	4.093
6824	4.224
6825	3.824
6830	2.707
6833	3.995
6834	4.602
6840	2.762
6843	4.269
6845	4.125
6847	2.607
6851	2.66
6855	4.148
6857	3.385
6862	3.956
6863	4.077
6865	4.422
6868	3.627
6869	3.901
6870	4.515
6875	3.059
6877	3.372
6879	4.608
6880	3.685
6884	3.177
6885	3.38
6887	3.456
6890	4.563
6894	2.967
6896	3.2
6897	4.508
6899	4.606
6901	3.942
6902	3.536
6903	3.959
6905	3.976
6907	3.583
6913	3.135
6914	3.305
6918	4.577
6919	4.008
6920	3.907
6921	3.215
6922	3.922
6923	3.448
6924	3.41
6927	3.839
6931	2.804
6934	2.925
6940	2.606
6942	2.646
6945	2.714
6946	4.019
6947	3.791
6948	4.069
6950	3.885
6957	4.41
6958	3.632
6964	2.601
6966	2.039
6968	4.314
6969	3.827
6970	4.509
6974	3.121
6975	3.196
6978	3.374
6979	3.912
6980	4.109
6981	4.579
6982	3.838
6983	3.834
6987	3.748
6991	4.297
6992	2.707
6993	2.598
6994	2.751
6995	2.817
6996	2.913
6997	4.401
6998	3.99
7000	3.86
7001	2.802
7004	2.735
7005	2.668
7006	4.125
7008	4.613
7009	3.91
7013	3.831
7016	3.917
7019	4.027
7020	1.995
7021	1.932
7022	1.87
7025	1.965
7026	4.213
7028	4.368
7035	4.676
7040	3.155
7045	3.25
7054	3.558
7056	3.691
7058	3.761
7060	3.759
7061	3.931
7063	4.226
7066	4.309
7070	3.086
7074	4.162
7077	3.495
7081	3.61
7082	4.679
7083	3.91
7084	4.305
7085	4.049
7086	3.92
7087	3.202
7090	2.9
7092	3.158
7094	3.76
7099	3.151
7100	3.037
7101	3.185
7103	3.645
7104	4.556
7105	3.867
7108	3.167
7110	3.368
7116	3.956
7118	3.293
7119	3.596
7120	3.285
7121	3.576
7123	4.129
7124	4.535
7125	3.965
7126	3.876
7127	3.831
7133	3.954
7138	4.094
7139	3.904
7143	3.784
7144	3.708
7145	4.591
7150	3.192
7153	4.58
7155	4.256
7156	3.746
7161	4.129
7164	2.931
7165	4.614
7166	4.019
7185	4.38
7186	3.969
7189	3.372
7196	4.165
7200	3.03
7204	4.422
7205	3.968
7208	3.283
7209	3.817
7210	3.681
7211	3.575
7213	4.455
7217	3.634
7218	3.917
7219	3.753
7221	3.902
7222	4.607
7224	3.822
7226	3.785
7229	3.037
7230	3.085
7234	4.043
7235	3.685
7237	3.954
7239	3.222
7240	3.338
7241	3.394
7242	3.315
7246	4.541
7252	2.953
7262	3.455
7267	3.695
7268	4.54
7269	3.981
7270	3.843
7271	3.672
7274	3.921
7276	3.684
7277	4.569
7280	3.271
7281	3.488
7287	3.835
7291	2.556
7292	3.081
7293	2.573
7294	2.568
7298	3.67
7300	3.368
7302	3.068
7304	4.429
7306	4.301
7309	3.912
7313	4.015
7314	4.238
7315	4.519
7316	3.25
7320	3.86
7322	2.779
7332	3.642
7334	3.752
7335	3.539
7340	2.973
7343	3.091
7344	2.9
7346	4.263
7347	3.861
7349	3.875
7350	3.143
7352	3.336
7353	3.059
7358	3.863
7359	4.545
7362	2.19
7364	3.33
7365	3.132
7367	4.03
7368	4.55
7370	3.908
7371	3.344
7372	3.236
7375	3.306
7381	3.053
7383	2.911
7386	4.537
7388	4.265
7389	3.682
7390	3.488
7391	3.261
7392	3.392
7397	3.942
7398	3.779
7399	3.334
7402	3.273
7404	4.57
7411	3.131
7414	3.723
7416	4.683
7417	4.059
7418	4.483
7419	4.049
7420	3.902
7422	4.214
7423	4.227
7427	3.701
7428	3.714
7432	3.805
7434	3.956
7437	3.488
7438	3.329
7441	3.574
7444	3.992
7446	3.94
7451	2.876
7452	2.916
7454	2.883
7455	4.502
7457	4.659
7459	3.911
7461	2.939
7462	3.197
7468	4.279
7470	4.023
7472	3.062
7474	3.206
7476	3.211
7479	4.532
7481	3.467
7483	3.501
7485	3.487
7486	4.414
7487	3.703
7491	3.366
7492	3.768
7493	3.324
7496	3.135
7497	4.456
7499	4.204
7503	3.46
7504	2.717
7505	3.339
7506	4.607
7507	4.132
7508	4.582
7509	3.927
7511	3.416
7516	3.877
7522	3.112
7525	4.003
7526	3.994
7527	4.415
7532	2.766
7534	3.1
7537	4.32
7539	3.944
7542	3.468
7543	3.406
7545	3.434
7547	4.116
7549	3.799
7550	3.968
7551	3.935
7553	3.791
7554	3.938
7556	4.497
7557	4.57
7558	3.923
7559	4.113
7561	3.17
7563	3.057
7564	3.297
7567	3.976
7569	4.135
7572	3.91
7573	3.64
7576	3.801
7577	4.105
7580	3.298
7581	2.892
7583	3.392
7587	3.823
7588	4.401
7594	3.358
7599	4.05
7603	3.661
7606	4.08
7608	4.416
7609	3.924
7611	3.272
7612	3.588
7613	3.003
7616	3.807
7618	4.463
7619	3.801
7622	3.212
7625	3.207
7629	4.128
7630	3.764
7634	3.836
7636	3.825
7638	3.706
7639	3.953
7641	3.376
7642	3.756
7643	3.36
7647	3.957
7648	4.48
7651	3.201
7652	3.622
7653	3.383
7654	3.536
7657	3.856
7658	4.231
7659	4.456
7660	3.219
7662	3.346
7665	3.382
7666	4.514
7668	4.683
7669	3.715
7670	3.752
7672	3.822
7675	4.396
7678	4.571
7680	2.986
7681	3.153
7682	3.177
7687	3.907
7688	4.241
7689	4.254
7692	3.486
7697	3.826
7699	3.921
7700	2.778
7701	2.887
7702	2.805
7703	2.644
7707	3.699
7711	3.409
7712	3.966
7714	3.781
7716	3.978
7719	3.84
7722	3.423
7723	3.804
7724	4.376
7728	3.15
7729	1.967
7731	1.917
7732	1.928
7733	1.976
7739	3.114
7740	3.083
7741	2.906
7742	3.01
7744	4.582
7746	3.91
7747	4.273
7751	2.81
7752	2.84
7753	2.483
7754	2.698
7755	4.409
7757	3.987
7760	3.275
7763	3.407
7764	3.067
7768	4.412
7769	4.213
7771	3.886
7776	3.892
7777	4.497
7778	3.803
7779	4.457
7780	4.317
7781	2.745
7782	2.904
7784	2.725
7785	2.776
7787	3.799
7790	3.103
7792	2.956
7793	2.65
7794	3.065
7798	4.462
7804	4.249
7805	4.152
7807	3.752
7808	3.357
7810	3.14
7811	2.967
7813	4.249
7817	2.993
7819	3.059
7821	3.001
7822	4.571
7823	4.133
7834	3.749
7836	3.779
7838	4.071
7839	4.319
7841	3.974
7844	3.425
7847	2.631
7849	4.213
7851	4.257
7859	4.121
7861	3.731
7864	3.439
7866	3.703
7867	4.134
7868	3.946
7869	4.166
7872	3.446
7875	3.619
7876	3.561
7878	4.704
7881	4.123
7884	3.677
7887	4.19
7888	3.774
7890	4.001
7891	4.189
7892	4.138
7893	4.223
7896	4.199
7898	4.262
7899	4.088
7900	2.98
7902	3.08
7903	2.982
7906	3.836
7909	4.143
7912	3.246
7917	3.663
7921	3.151
7923	3.385
7925	4.176
7926	4.046
7927	3.959
7933	2.503
7934	4.657
7935	3.726
7936	4.362
7939	2.659
7940	2.744
7946	3.652
7949	3.24
7953	3.937
7954	4.46
7957	3.434
7959	3.069
7963	4.136
7964	4.077
7966	2.932
7967	2.759
7971	3.105
7972	4.177
7973	3.923
7976	3.423
7977	3.264
7980	3.706
7981	4.247
7985	3.668
7986	3.311
7987	3.786
7989	3.395
7990	3.161
7993	3.936
7995	4.38
7996	3.379
7998	3.188
7999	3.221
8002	3.932
8005	1.899
8006	1.907
8010	4.244
8012	4.317
8014	3.121
8018	3.461
8021	4.234
8024	3.648
8025	3.401
8028	4.206
8029	3.757
8031	3.878
8032	3.466
8037	4.355
8038	3.857
8039	4.291
8040	4.075
8041	3.354
8044	3.555
8047	4.095
8049	4.144
8050	3.944
8055	3.954
8058	4.101
8059	3.192
8060	2.929
8064	4.178
8065	4.069
8067	4.002
8068	4.188
8069	3.85
8071	3.36
8072	3.807
8073	4.152
8076	4.126
8077	3.382
8079	3.245
8084	4.195
8089	3.855
8090	3.957
8091	4.429
8092	4.101
8093	4.324
8094	4.108
8095	3.347
8096	3.249
8104	3.292
8105	3.516
8108	3.392
8109	4.142
8110	4.044
8112	3.894
8119	4.054
8120	3.898
8121	3.806
8124	2.969
8126	3.042
8127	3.872
8129	4.16
8130	4.026
8134	3.256
8136	4.305
8143	3.233
8145	4.101
8147	4.147
8152	3.102
8155	3.93
8156	4.424
8157	3.81
8158	3.164
8159	2.93
8161	3.02
8162	3.134
8165	4.34
8168	3.588
8173	4.033
8175	4.178
8177	3.227
8179	3.852
8180	4.113
8184	3.848
8186	4.013
8187	4.087
8189	4.076
8190	4.093
8191	3.896
8192	4.27
8194	3.117
8195	3.132
8196	3.112
8199	4.135
8200	4.033
8201	4.201
8206	3.596
8210	3.819
8211	3.886
8213	3.122
8215	3.04
8216	2.901
8217	4.201
8219	4.263
8223	3.476
8225	3.328
8227	4.059
8228	4.207
8230	3.875
8233	3.205
8246	4.191
8247	4.105
8248	3.551
8249	3.265
8251	3.188
8258	3.664
8264	4.299
8266	3.07
8267	3.098
8269	2.869
8272	4.341
8274	4.093
8276	3.016
8277	3.291
8281	3.965
8282	4.249
8283	3.93
8285	4.19
8288	3.771
8289	4.199
8294	3.838
8296	3.101
8300	4.174
8304	3.521
8305	3.356
8306	3.863
8307	4.286
8312	2.809
8314	2.869
8316	4.24
8317	3.294
8321	2.868
8323	3.139
8325	4.427
8327	4.137
8328	3.969
8329	3.214
8330	3.336
8331	3.278
8333	3.298
8335	3.86
8336	4.164
8338	4.192
8339	3.603
8340	3.737
8345	4.193
8347	3.713
8349	3.784
8351	3.756
8352	4.186
8355	4.128
8356	3.72
8358	3.778
8360	3.707
8363	4.415
8366	3.9
8367	3.66
8368	3.6
8374	3.093
8376	3.238
8377	2.903
8379	4.224
8381	4.272
8384	3.176
8388	4.207
8396	3.26
8400	3.778
8406	3.977
8407	4.226
8409	4.089
8412	4.425
8417	4.023
8419	3.308
8421	3.079
8424	4.285
8425	4.153
8426	4.137
8430	3.027
8431	2.97
8434	3.839
8435	4.305
8437	3.414
8441	3.446
8444	4.076
8446	3.894
8449	3.593
8452	3.724
8453	4.336
8455	3.594
8456	3.499
8457	3.527
8458	3.351
8459	3.488
8460	4.176
8462	4.277
8469	4.06
8470	4.058
8474	3.004
8475	2.894
8476	3.024
8479	4.186
8481	4.239
8482	3.386
8483	3.427
8484	3.41
8486	3.452
8489	4.666
8490	3.99
8492	3.224
8493	3.371
8494	3.473
8501	3.739
8502	3.889
8504	4.172
8506	4.038
8507	4.142
8511	3.439
8512	3.497
8514	4.175
8516	4.174
8517	3.983
8520	3.985
8521	3.847
8524	4.195
8525	4.409
8528	2.104
8529	2.862
8530	2.099
8532	4.273
8536	3.687
8537	3.672
8538	3.545
8541	4.185
8543	3.931
8551	4.049
8555	3.46
8561	4.179
8562	4.131
8563	3.118
8564	3.339
8566	3.162
8567	3.339
8569	3.843
8571	4.158
8572	3.564
8574	3.214
8578	4.107
8581	3.474
8582	3.09
8584	3.057
8586	4.611
8588	4.056
8589	4.152
8590	2.969
8593	2.789
8594	2.988
8596	4.181
8597	3.758
8598	3.809
8600	3.208
8601	3.468
8606	4.289
8607	3.876
8608	3.914
8609	3.303
8610	3.454
8611	3.615
8613	4.363
8614	3.992
8618	3.001
8620	2.902
8622	4.427
8624	3.933
8626	2.981
8627	1.93
8629	3.129
8630	2.999
8631	4.197
8635	3.655
8636	3.325
8637	3.33
8639	3.585
8645	3.419
8646	3.38
8647	2.914
8649	2.969
8651	3.983
8656	3.117
8657	3.771
8663	3.906
8664	3.191
8665	3.071
8668	3.114
8669	4.116
8674	2.99
8675	3.067
8676	3.105
8679	3.997
8680	4.051
8683	2.64
8684	2.621
8685	2.577
8686	2.617
8689	3.999
8690	4.199
8691	4.004
8692	3.76
8696	4.184
8697	3.772
8699	4.112
8702	3.434
8705	4.12
8708	4.158
8709	3.415
8712	3.175
8716	3.999
8719	2.468
8724	3.749
8728	3.706
8738	4.051
8739	3.771
8741	4.195
8742	4.141
8743	4.448
8746	3.699
8748	4.033
8749	4.098
8750	4.339
8751	4.159
8753	3.828
8756	3.62
8757	3.247
8759	4.27
8760	3.859
8766	2.759
8767	2.948
8768	4.344
8775	3.334
8777	4.202
8779	4.117
8781	3.541
8783	3.877
8784	3.633
8787	3.824
8790	3.668
8791	3.464
8794	3.864
8796	4.037
8800	3.97
8801	3.912
8805	4.034
8813	4.136
8814	3.995
8815	4.272
8816	4.077
8822	4.186
8823	4.067
8830	3.384
8834	4.199
8836	3.417
8838	3.066
8842	4.091
8844	3.159
8846	3.204
8848	3.3
8852	4.054
8854	4.006
8856	4.138
8858	4.369
8859	4.114
8862	3.424
8867	3.26
8869	4.069
8873	3.459
8875	3.499
8876	4.112
8878	4.147
8879	3.996
8888	4.047
8892	2.697
8894	4.621
8901	2.957
8902	3.193
8903	4.224
8907	3.29
8908	2.896
8913	3.923
8914	4.099
8915	4.056
8916	2.953
8917	3.373
8918	3.117
8924	3.956
8926	3.344
8932	4.211
8934	3.73
8936	3.918
8937	3.764
8941	4.329
8942	3.987
8943	3.057
8944	2.758
8945	3.173
8948	4.222
8949	4.146
8952	3.733
8955	3.646
8956	3.752
8957	4.245
8958	4.093
8959	4.282
8961	3.387
8964	3.266
8965	3.189
8966	4.239
8967	3.987
8972	3.829
8973	3.34
8976	4.07
8977	3.967
8978	4.011
8980	3.149
8982	3.111
8983	3.26
8987	4.054
8988	2.954
8992	3.778
8994	4.12
8996	4.125
8998	3.25
8999	3.821
9000	3.855
9001	3.38
9005	4.026
9006	4.192
9011	3.852
9015	4.399
9017	2.909
9019	2.586
9021	2.64
9024	4.162
9028	3.226
9030	3.233
9031	4.055
9033	4.208
9035	3.051
9037	3.264
9038	3.161
9039	3.257
9040	4.404
9041	4.094
9044	3.888
9045	3.788
9046	3.963
9050	4.056
9051	4.395
9053	3.488
9054	3.683
9058	3.971
9066	3.754
9067	4.236
9068	4.05
9070	4.089
9071	3.118
9073	2.92
9074	2.901
9075	2.863
9077	3.99
9078	3.974
9080	3.773
9083	2.867
9085	4.264
9086	4.097
9090	2.56
9094	4.193
9095	4.074
9096	4
9097	3.882
9098	3.175
9099	3.203
9101	3.216
9103	4.305
9106	3.778
9108	3.052
9109	3.019
9110	2.962
9113	3.761
9117	3.061
9126	2.42
9127	2.665
9129	2.69
9131	3.746
9133	4.032
9134	3.839
9137	3.444
9139	4.326
9140	3.747
9141	4.137
9142	3.827
9146	3.808
9147	4.068
9148	4.221
9150	4.43
9153	2.648
9155	2.982
9156	2.897
9159	4.37
9160	3.946
9161	3.359
9167	3.939
9171	3.999
9172	3.999
9177	3.993
9181	3.121
9183	3.223
9184	4.571
9185	4.008
9186	4.229
9187	3.923
9189	3.288
9192	3.271
9193	4.397
9194	4.062
9196	3.963
9206	3.187
9208	3.08
9212	3.846
9213	4.083
9215	3.139
9222	4.163
9223	3.859
9230	4.105
9233	4.235
9235	3.865
9236	3.825
9238	4.183
9239	4.129
9240	4.181
9241	4.019
9247	4.171
9249	4.249
9250	4.102
9254	1.898
9255	2.546
9259	3.978
9262	3.173
9264	3.158
9269	3.152
9272	2.565
9273	3.042
9274	4.154
9275	4.04
9280	3.491
9281	2.978
9284	4.043
9285	4.348
9288	2.837
9292	4.154
9293	3.769
9295	4.051
9297	3.119
9299	2.996
9300	3.167
9305	3.078
9307	3.032
9308	2.919
9309	3.11
9313	3.666
9315	2.564
9319	4.373
9323	4.144
9326	3.196
9327	2.937
9328	3.071
9329	3.093
9330	4.345
9335	3.754
9337	3.552
9338	3.895
9342	4.095
9343	2.992
9344	2.806
9349	4.08
9350	4.157
9351	4.06
9354	3.206
9356	3.401
9361	3.463
9362	3.424
9367	3.982
9368	4.2
9369	4.07
9370	3.262
9373	3.219
9374	3.081
9375	4.168
9377	4.154
9385	4.114
9386	4.041
9387	3.855
9388	2.574
9389	2.961
9391	2.873
9393	4.187
9394	3.912
9395	4.372
9400	3.717
9402	4.18
9407	2.612
9408	3.414
9412	4.14
9413	4.166
9414	3.732
9423	4.091
9426	3.398
9427	2.971
9430	3.952
9431	4.21
9434	4.117
9435	4.366
9436	3.954
9437	4.262
9438	3.936
9439	4.027
9442	3.352
9444	3.138
9445	3.134
9447	4.345
9448	4.139
9449	3.748
9451	3.968
9455	3.346
9456	3.699
9457	3.678
9461	3.933
9462	3.288
9465	2.608
9467	4.23
9469	4.126
9471	2.968
9473	3.138
9475	2.862
9482	3.508
9488	3.685
9489	3.941
9492	2.911
9493	3.874
9495	4.089
9496	4.156
9497	4.135
9499	3.168
9502	3.13
9504	4.122
9506	3.999
9510	3.439
9512	4.289
9515	4.014
9516	3.232
9517	3.14
9524	4.097
9525	3.7
9526	3.763
9529	3.687
9530	4.035
9531	3.981
9532	4.437
9535	2.535
9537	2.463
9538	2.708
9540	3.95
9541	4.261
9542	4.185
9544	2.039
9549	3.785
9551	4.152
9554	3.564
9555	3.835
9556	3.936
9557	4.212
9558	4.032
9561	4.202
9562	4.181
9563	4.159
9565	4.148
9567	4.063
9569	4.008
9570	3.153
9572	3.436
9574	3.383
9576	4.101
9577	4.134
9578	4.101
9579	3.36
9580	3.283
9581	3.079
9583	3.283
9591	2.082
9592	2.864
9593	2.092
9594	2.28
9599	3.131
9600	3.377
9602	3.159
9604	4.324
9605	3.748
9607	3.929
9609	3.24
9610	3.715
9615	4.356
9616	4.105
9617	3.693
9624	4.219
9627	3.802
9631	4.336
9632	4.137
9635	4.072
9636	3.991
9638	3.94
9639	3.772
9641	3.977
9643	3.867
9644	4.16
9645	4.102
9646	2.492
9650	2.95
9651	4.139
9653	4.19
9656	3.378
9657	3.283
9659	3.302
9662	4.291
9665	4.008
9666	3.856
9667	3.747
9668	4.022
9675	3.21
9676	2.808
9678	4.212
9680	4.302
9684	3.274
9687	4.121
9689	4.012
9691	2.996
9692	3.446
9694	3.259
9695	3.292
9697	4.092
9698	4.244
9699	4.179
9700	3.001
9701	2.853
9702	3.038
9703	2.911
9704	3.039
9708	4.128
9709	3.661
9710	3.576
9715	4.119
9717	4.102
9718	3.354
9719	3.245
9720	3.323
9721	3.223
9723	4.135
9726	4.117
9730	2.04
9731	2.075
9733	4.021
9736	3.491
9738	3.482
9744	4.218
9746	3.818
9748	3.692
9749	3.791
9752	4.238
9753	4.183
9757	3.088
9758	3.084
9760	1.937
9764	1.243
9765	1.212
9766	1.99
9769	1.242
9770	1.339
9773	1.241
9774	1.237
9776	1.965
9778	1.243
9780	1.249
9784	1.224
9786	2.804
9795	1.248
9799	1.234
9800	1.99
9803	1.219
9805	1.34
9806	1.408
9811	1.329
9814	1.299
9815	1.183
9816	1.167
9817	1.883
9820	1.17
9821	1.262
9825	1.747
9827	1.823
9829	1.343
9836	1.221
9839	1.208
9840	1.203
9841	1.891
9844	1.934
9846	1.309
9847	1.198
9851	1.194
9853	1.256
9856	1.206
9859	1.183
9860	1.175
9863	1.202
9864	1.317
9868	1.252
9870	1.198
9874	2.029
9875	1.401
9876	1.259
9877	2.445
9878	1.307
9879	1.173
9882	1.184
9884	1.227
9885	1.167
9886	1.203
9889	1.344
9893	1.347
9895	1.942
9897	1.979
9900	1.227
9903	1.338
9904	2.752
9905	1.185
9907	1.186
9911	1.218
9912	1.186
9914	1.239
9915	1.367
9916	1.217
9919	1.183
9921	1.217
9922	1.166
9926	1.175
9927	1.177
9934	1.279
9935	1.263
9936	1.21
9938	1.275
9939	2.501
9940	2.576
9942	1.226
9943	1.259
9947	1.999
9948	1.246
9949	2.898
9951	1.194
9955	1.233
9960	1.2
9967	3.106
9968	1.877
9973	1.222
9974	1.174
9976	1.857
9980	1.327
9981	1.253
9982	1.183
9983	1.843
9984	1.361
9985	1.168
9993	1.948
9997	1.233
9998	1.169
9999	1.915
10000	1.157
