pair_ID	relatedness_score
0	2.653
1	1.993
2	2.545
3	1.442
4	2.474
5	3.387
6	3.52
7	2.444
8	3.52
9	2.09
10	2.279
11	3.192
12	2.678
13	3.072
14	3.731
15	2.147
16	2.926
17	3.901
18	2.416
19	2.641
20	3.318
21	2.963
22	2.467
23	2.528
24	2.006
25	2.545
26	3.102
27	2.549
28	3.534
29	2.452
30	2.721
31	2.379
32	2.764
33	1.828
34	2.21
35	2.956
36	2.609
37	2.525
38	3.074
39	2.239
40	2.601
41	3.18
42	2.323
43	2.645
44	1.931
45	2.37
46	2.786
47	3.862
48	2.151
49	2.422
50	3.318
51	2.264
52	2.338
53	3.719
54	1.99
55	2.633
56	3.213
57	2.833
58	2.77
59	3.858
60	2.685
61	2.966
62	3.558
63	2.664
64	2.953
65	3.85
66	2.566
67	2.062
68	3.226
69	2.848
70	2.385
71	2.335
72	2.488
73	2.705
74	2.715
75	2.326
76	2.138
77	3.147
78	2.44
79	2.961
80	2.238
81	2.274
82	2.328
83	3.721
84	1.939
85	1.967
86	2.826
87	2.561
88	3.158
89	2.984
90	2.331
91	2.578
92	3.64
93	2.444
94	3.206
95	3.065
96	2.739
97	2.722
98	3.33
99	2.459
100	2.791
101	3.651
102	2.541
103	2.433
104	3.689
105	2.418
106	2.352
107	3.004
108	2.621
109	2.804
110	2.388
111	2.229
112	1.923
113	3.543
114	1.848
115	2.453
116	2.526
117	2.409
118	2.459
119	3.07
120	2.614
121	2.422
122	2.929
123	2.364
124	2.344
125	3.021
126	2.039
127	2.614
128	3.804
129	2.445
130	3.062
131	3.758
132	2.08
133	2.872
134	3.665
135	2.579
136	2.385
137	3.365
138	2.742
139	2.688
140	3.74
141	2.407
142	2.992
143	2.588
144	2.308
145	2.138
146	3.588
147	1.888
148	2.263
149	3
150	1.707
151	3.036
152	2.615
153	2.722
154	2.364
155	3.249
156	2.492
157	2.565
158	3.088
159	2.461
160	2.36
161	2.623
162	2.89
163	3.75
164	3.812
165	2.766
166	2.661
167	3.472
168	2.687
169	2.39
170	2.498
171	2.458
172	2.211
173	3.488
174	2.209
175	2.273
176	2.769
177	2.434
178	3.009
179	2.5
180	2.251
181	1.952
182	4.033
183	2.256
184	3.974
185	3.583
186	2.498
187	2.416
188	3.391
189	2.191
190	2.233
191	3.871
192	2.501
193	3.062
194	1.803
195	2.552
196	2.778
197	3.539
198	1.612
199	3.06
200	3.337
201	1.907
202	2.425
203	3.084
204	2.335
205	2.698
206	3.201
207	2.063
208	2.838
209	3.536
210	2.387
211	3.02
212	3.418
213	2.353
214	2.875
215	3.036
216	2.544
217	2.679
218	3.993
219	2.367
220	2.338
221	3.204
222	2.927
223	2.649
224	3.09
225	2.452
226	1.948
227	3.798
228	2.156
229	2.886
230	3.692
231	1.842
232	2.245
233	3.295
234	2.379
235	2.449
236	3.731
237	2.3
238	2.697
239	3.912
240	2.256
241	2.515
242	3.084
243	2.432
244	2.516
245	2.246
246	2.406
247	2.772
248	3.448
249	2.246
250	2.961
251	3.967
252	2.717
253	2.005
254	4.163
255	2.614
256	2.193
257	3.309
258	2.008
259	2.486
260	3.49
261	1.842
262	2.781
263	4.173
264	2.228
265	2.307
266	3.582
267	2.401
268	3.103
269	3.741
270	2.385
271	2.477
272	4.226
273	2.42
274	2.331
275	3.726
276	2.634
277	2.929
278	2.598
279	1.853
280	2.786
281	3.385
282	2.337
283	2.763
284	3.812
285	2.541
286	2.859
287	3.527
288	2.273
289	3.028
290	3.119
291	2.075
292	2.247
293	4.19
294	3.089
295	2.494
296	3.011
297	1.969
298	2.536
299	3.038
300	2.055
301	2.804
302	3.842
303	2.089
304	2.64
305	3.883
306	2.821
307	2.4
308	3.365
309	2.352
310	3.09
311	3.156
312	2.647
313	2.183
314	3.414
315	2.28
316	2.542
317	2.507
318	2.102
319	3.032
320	3.916
321	2.668
322	2.477
323	3.438
324	2.997
325	3.056
326	2.993
327	2.283
328	2.459
329	2.636
330	1.725
331	2.542
332	2.1
333	3.307
334	3.383
335	2.469
336	2.457
337	2.954
338	2.08
339	3.147
340	3.582
341	2.329
342	2.497
343	3.213
344	2.841
345	2.845
346	2.733
347	2.846
348	3.059
349	2.552
350	2.997
351	2.777
352	3.67
353	2.403
354	2.491
355	2.744
356	2.186
357	3.969
358	3.985
359	2.083
360	2.869
361	3.364
362	3.045
363	2.525
364	3.694
365	2.147
366	2.63
367	3.281
368	2.205
369	2.337
370	2.37
371	2.468
372	2.198
373	3.239
374	2.109
375	2.449
376	3.857
377	2.208
378	3.393
379	3.152
380	1.817
381	2.245
382	3.643
383	2.11
384	3.4
385	3.473
386	2.624
387	3.703
388	2.879
389	2.688
390	2.5
391	3.527
392	2.463
393	3.259
394	2.776
395	2.772
396	2.859
397	2.769
398	2.471
399	2.737
400	3.117
401	2.208
402	2.764
403	2.938
404	2.434
405	2.778
406	3.119
407	2.997
408	2.449
409	3.859
410	1.612
411	2.494
412	2.498
413	1.884
414	3.028
415	2.769
416	2.167
417	2.473
418	2.884
419	2.984
420	2.165
421	3.221
422	2.944
423	2.444
424	3.038
425	2.545
426	2.781
427	4.01
428	2.196
429	2.511
430	2.364
431	2.715
432	3.334
433	3.145
434	2.523
435	2.165
436	3.803
437	2.718
438	2.83
439	3.365
440	2.267
441	2.11
442	2.138
443	2.233
444	2.723
445	2.699
446	2.021
447	2.797
448	3.501
449	2.002
