pair_ID	relatedness_score
0	0.475
1	0.174
2	0.391
3	0.197
4	0.614
5	0.19
6	0.052
7	0.578
8	0.071
9	0.33
10	0.364
11	0.245
12	0.331
13	0.364
14	0.265
15	0.421
16	0.409
17	0.133
18	0.71
19	0.399
20	0.112
21	0.333
22	0.344
23	0.332
24	0.473
25	0.102
26	0.015
27	0.569
28	0.113
29	0.308
30	0.719
31	0.293
32	0.029
33	0.249
34	0.582
35	-0.021
36	0.257
37	0.435
38	0.162
39	0.544
40	0.402
41	0.227
42	0.27
43	0.176
44	0.191
45	1.124
46	0.246
47	0.085
48	0.843
49	0.56
50	0.107
51	0.613
52	0.123
53	0.183
54	0.522
55	0.388
56	0.059
57	1.042
58	0.57
59	0.266
60	0.584
61	0.108
62	0.049
63	0.33
64	0.918
65	0.057
66	1.105
67	0.265
68	0.318
69	0.273
70	0.183
71	0.283
72	0.405
73	0.96
74	0.095
75	0.516
76	0.153
77	0.146
78	0.474
79	0.272
80	0.275
81	0.227
82	0.624
83	0.154
84	0.257
85	0.208
86	0.321
87	0.432
88	0.155
89	-0.005
90	0.61
91	0.217
92	-0.03
93	0.495
94	0.856
95	-0.03
96	0.691
97	0.347
98	0.038
99	0.195
100	0.156
101	0.137
102	0.453
103	0.198
104	0.238
105	0.691
106	0.571
107	0.061
108	1.063
109	0.562
110	0.348
111	0.355
112	0.282
113	0.091
114	0.219
115	0.333
116	0.573
117	0.177
118	0.718
119	0.098
120	0.235
121	0.549
122	-0.035
123	0.553
124	0.473
125	0.166
126	0.404
127	0.204
128	0.368
129	0.142
130	0.473
131	0.294
132	0.282
133	0.205
134	0.273
135	0.469
136	0.115
137	0.302
138	1.096
139	0.273
140	0.197
141	0.18
142	0.394
143	0.424
144	0.526
145	0.142
146	0.11
147	0.572
148	0.268
149	0.147
150	0.345
151	0.01
152	0.423
153	0.838
154	0.207
155	0.053
156	0.424
157	0.641
158	0.088
159	0.548
160	0.365
161	0.556
162	0.446
163	0.376
164	0.205
165	0.155
166	0.58
167	0.063
168	0.653
169	0.635
170	0.223
171	0.165
172	0.183
173	0.246
174	0.587
175	0.593
176	0.184
177	0.6
178	0.218
179	0.217
180	0.272
181	0.247
182	0.226
183	0.251
184	0.265
185	0.176
186	0.55
187	0.201
188	0.029
189	0.317
190	0.403
191	0.115
192	0.353
193	0.011
194	0.19
195	0.479
196	0.912
197	0.143
198	0.387
199	0.131
200	0.027
201	0.278
202	0.27
203	0.06
204	0.564
205	0.615
206	0.189
207	0.566
208	0.525
209	0.032
210	0.358
211	0.059
212	0.158
213	0.525
214	0.446
215	0.168
216	0.278
217	0.368
218	0.027
219	0.252
220	0.096
221	0.224
222	0.048
223	0.482
224	0.22
225	0.438
226	0.478
227	0.17
228	0.403
229	0.978
230	0.213
231	0.217
232	0.358
233	0.163
234	0.57
235	0.462
236	0.229
237	0.245
238	0.365
239	0.098
240	0.527
241	0.245
242	0.054
243	0.505
244	0.508
245	0.261
246	0.288
247	0.243
248	0.063
249	0.141
250	0.245
251	0.299
252	0.2
253	0.215
254	0.157
255	0.214
256	0.297
257	0.084
258	0.273
259	0.142
260	0.023
261	0.212
262	0.649
263	0.039
264	0.154
265	0.355
266	-0.039
267	0.494
268	0.413
269	0.137
270	1.188
271	0.363
272	0.312
273	0.492
274	0.238
275	0.276
276	0.465
277	0.543
278	0.243
279	0.389
280	0.434
281	-0.041
282	0.068
283	0.541
284	0.186
285	0.424
286	0.505
287	0.049
288	0.356
289	0.876
290	-0.037
291	0.153
292	0.286
293	0.021
294	1.153
295	0.369
296	-0.063
297	0.644
298	0.646
299	0.011
300	0.37
301	0.531
302	0.32
303	0.214
304	0.145
305	0.107
306	0.475
307	0.084
308	0.275
309	0.342
310	0.068
311	0.115
312	0.59
313	0.27
314	0.038
315	0.573
316	0.15
317	0.416
318	0.251
319	0.239
320	0.017
321	0.175
322	0.33
323	-0.009
324	0.527
325	0.075
326	-0.058
327	0.22
328	0.526
329	0.182
330	0.425
331	0.147
332	0.371
333	0.121
334	0.104
335	0.355
336	0.5
337	0.035
338	0.25
339	-0.02
340	-0.051
341	0.563
342	0.337
343	0.013
344	0.786
345	0.386
346	0.21
347	-0.022
348	0.23
349	0.39
350	0.523
351	0.966
352	0.149
353	0.588
354	0.144
355	0.125
356	0.577
357	0.536
358	0.221
359	0.099
360	0.329
361	0.021
362	0.989
363	0.304
364	0.035
365	0.32
366	0.294
367	0.009
368	0.498
369	0.192
370	0.425
371	0.607
372	0.262
373	0.21
374	0.167
375	0.44
376	0.127
377	0.18
378	0.269
379	0.191
380	0.573
381	0.177
382	0.365
383	0.287
384	0.221
385	0.056
386	0.51
387	0.056
388	0.537
389	0.453
390	0.341
391	0.033
392	0.443
393	-0.021
394	0.617
395	0.2
396	0.597
397	0.149
398	0.201
399	0.119
400	0.064
401	0.37
402	0.088
403	0.054
404	0.998
405	0.079
406	0.094
407	0.735
408	0.434
409	0.139
410	0.353
411	0.755
412	0.184
413	0.26
414	0.856
415	0.146
416	0.286
417	0.264
418	-0.048
419	0.309
420	0.114
421	0.094
422	0.518
423	0.487
424	-0.009
425	0.604
426	0.958
427	0.218
428	0.762
429	0.312
430	0.163
431	0.739
432	-0.085
433	0.279
434	0.428
435	0.155
436	0.2
437	0.227
438	0.61
439	0.254
440	0.269
441	0.194
442	0.37
443	0.402
444	0.081
445	0.112
446	0.327
447	0.185
448	0.027
449	0.247
