pair_ID	relatedness_score
0	2.835
1	1.702
2	2.735
3	2.106
4	2.056
5	3.506
6	3.665
7	2.409
8	3.671
9	1.957
10	2.142
11	2.976
12	2.633
13	3.154
14	3.428
15	2.341
16	2.691
17	3.585
18	2.469
19	2.729
20	2.959
21	3.074
22	2.421
23	2.633
24	2.213
25	2.955
26	3.099
27	2.49
28	3.594
29	2.361
30	3.015
31	2.319
32	2.68
33	1.904
34	2.36
35	2.494
36	2.532
37	2.58
38	2.8
39	2.242
40	2.403
41	3.311
42	2.423
43	2.706
44	2.62
45	2.255
46	2.67
47	3.735
48	2.134
49	2.476
50	2.936
51	2.153
52	2.224
53	3.889
54	2.149
55	2.621
56	3.151
57	2.917
58	2.721
59	3.632
60	2.718
61	2.587
62	3.161
63	2.559
64	2.897
65	3.505
66	2.414
67	2.228
68	3.2
69	2.859
70	2.091
71	2.144
72	2.356
73	2.834
74	2.848
75	2.383
76	1.785
77	2.901
78	2.201
79	2.865
80	2.655
81	2.172
82	2.665
83	3.586
84	2.067
85	2.521
86	3
87	2.468
88	3.356
89	2.92
90	2.109
91	2.563
92	3.083
93	2.27
94	3.105
95	2.608
96	2.688
97	2.643
98	3.189
99	2.732
100	2.581
101	3.676
102	2.508
103	2.598
104	3.759
105	2.395
106	2.148
107	2.76
108	2.596
109	2.651
110	2.49
111	2.535
112	2.239
113	3.278
114	1.579
115	2.296
116	2.204
117	2.46
118	2.473
119	2.753
120	2.603
121	2.476
122	2.428
123	2.743
124	2.529
125	2.741
126	2.295
127	2.231
128	3.715
129	2.324
130	2.922
131	3.879
132	2.112
133	2.769
134	3.738
135	2.432
136	2.9
137	3.437
138	2.678
139	2.889
140	3.779
141	2.109
142	2.791
143	2.311
144	2.146
145	1.711
146	3.374
147	1.812
148	2.254
149	2.484
150	1.84
151	3.028
152	2.339
153	2.853
154	2.144
155	3.067
156	2.664
157	2.703
158	2.788
159	2.573
160	2.165
161	2.411
162	2.953
163	3.39
164	3.922
165	2.777
166	2.75
167	3.629
168	2.439
169	2.614
170	2.422
171	2.389
172	2.698
173	3.503
174	2.506
175	2.263
176	2.563
177	2.708
178	2.923
179	2.39
180	2.411
181	2.148
182	3.885
183	2.305
184	3.807
185	3.523
186	2.698
187	2.609
188	3.571
189	2.046
190	2.225
191	3.74
192	2.602
193	2.997
194	2.165
195	2.528
196	2.746
197	3.512
198	1.817
199	3.037
200	3.514
201	2.105
202	2.455
203	2.881
204	1.992
205	2.787
206	3.176
207	2.28
208	2.897
209	3.608
210	2.43
211	3.116
212	3.624
213	2.417
214	2.937
215	2.944
216	2.686
217	2.466
218	3.885
219	2.444
220	2.069
221	3.287
222	2.581
223	2.78
224	3.209
225	2.667
226	1.93
227	3.873
228	2.281
229	2.584
230	3.601
231	1.737
232	2.415
233	3.269
234	2.223
235	2.395
236	3.607
237	2.832
238	2.522
239	3.814
240	2.398
241	2.444
242	2.961
243	2.542
244	2.76
245	2.258
246	2.259
247	2.943
248	3.293
249	2.014
250	2.699
251	3.898
252	2.817
253	1.9
254	4.03
255	2.54
256	2.079
257	3.338
258	2.404
259	2.578
260	3.55
261	1.806
262	2.603
263	4.051
264	1.826
265	2.574
266	3.639
267	2.986
268	3.001
269	3.472
270	2.601
271	2.932
272	3.901
273	2.684
274	2.248
275	3.543
276	2.942
277	2.97
278	2.775
279	2.22
280	2.724
281	3.166
282	2.015
283	2.494
284	3.916
285	2.394
286	2.907
287	3.793
288	2.309
289	2.999
290	2.925
291	1.982
292	2.387
293	3.938
294	2.917
295	2.144
296	3.017
297	2.015
298	2.424
299	2.992
300	2.169
301	2.627
302	3.853
303	2.024
304	2.775
305	3.861
306	2.689
307	2.053
308	3.656
309	2.416
310	3.219
311	2.841
312	2.556
313	2.262
314	3.449
315	2.552
316	2.546
317	2.412
318	2.053
319	3.237
320	3.686
321	2.629
322	2.873
323	3.263
324	2.845
325	3.033
326	2.804
327	2.495
328	2.542
329	2.657
330	2.304
331	2.546
332	1.943
333	3.354
334	3.401
335	2.247
336	2.491
337	2.791
338	2.222
339	3.059
340	3.508
341	2.486
342	2.428
343	3.391
344	2.943
345	2.777
346	2.719
347	3.005
348	3.151
349	2.402
350	2.845
351	2.652
352	3.433
353	2.142
354	2.437
355	2.88
356	2.18
357	3.794
358	3.848
359	1.972
360	2.696
361	3.39
362	3.113
363	2.373
364	3.559
365	2.169
366	2.527
367	3.462
368	2.242
369	2.337
370	2.201
371	2.582
372	2.241
373	3.66
374	2.468
375	2.3
376	3.906
377	2.093
378	3.156
379	2.819
380	2.411
381	2.33
382	3.548
383	2.101
384	3.155
385	3.39
386	2.598
387	3.516
388	2.876
389	3.052
390	2.268
391	3.633
392	2.781
393	3.152
394	2.672
395	3.06
396	2.845
397	2.782
398	2.51
399	2.438
400	2.883
401	2.343
402	2.495
403	2.48
404	2.46
405	2.387
406	2.756
407	2.84
408	2.331
409	3.669
410	1.817
411	2.407
412	2.621
413	1.758
414	2.847
415	2.782
416	2.212
417	2.601
418	2.659
419	3.103
420	1.917
421	3.014
422	2.889
423	2.462
424	2.916
425	2.382
426	2.778
427	4.005
428	2.552
429	2.325
430	2.451
431	2.236
432	3.059
433	3.316
434	2.302
435	1.928
436	3.877
437	2.881
438	2.779
439	3.7
440	1.84
441	2.145
442	1.919
443	2.196
444	2.835
445	2.678
446	2.252
447	2.807
448	3.404
449	1.785
