pair_ID	relatedness_score
0	3.322
1	3.598
2	4.038
3	3.416
4	1.609
5	3.75
6	3.223
7	2.028
8	3.823
9	1.8
10	3.875
11	2.82
12	3.171
13	3.608
14	3.729
15	2.445
16	3.558
17	3.828
18	2.083
19	3.479
20	3.841
21	2.408
22	3.754
23	3.887
24	2.813
25	3.06
26	4.081
27	1.678
28	3.444
29	3.911
30	2.828
31	3.496
32	3.683
33	2.455
34	3.334
35	3.701
36	2.209
37	2.934
38	3.867
39	1.906
40	3.314
41	3.689
42	3.841
43	3.524
44	4.013
45	1.816
46	2.875
47	3.869
48	1.952
49	2.12
50	3.77
51	2.943
52	3.435
53	3.881
54	1.986
55	3.778
56	3.808
57	1.793
58	3.666
59	3.43
60	1.885
61	3.655
62	3.31
63	3.606
64	2.235
65	3.806
66	2.476
67	3.437
68	3.79
69	2.768
70	3.779
71	3.101
72	3.48
73	2.536
74	3.836
75	1.714
76	3.87
77	3.575
78	1.852
79	3.674
80	3.726
81	2.933
82	3.58
83	3.811
84	2.426
85	2.842
86	4.02
87	1.624
88	3.501
89	3.336
90	2.646
91	3.412
92	3.672
93	2.337
94	3.374
95	3.66
96	1.612
97	3.533
98	3.882
99	2.185
100	3.215
101	3.96
102	2.376
103	2.785
104	3.375
105	3.479
106	2.533
107	3.8
108	2.984
109	2.676
110	4.167
111	3.488
112	3.215
113	3.792
114	3.779
115	3.532
116	3.53
117	2.313
118	3.582
119	3.676
120	2.535
121	3.621
122	3.991
123	1.621
124	2.287
125	3.612
126	3.242
127	3.558
128	3.651
129	2.918
130	3.617
131	3.323
132	2.536
133	3.693
134	3.465
135	3.618
136	3.799
137	3.657
138	2.868
139	3.061
140	3.461
141	2.791
142	2.88
143	3.65
144	2.861
145	3.241
146	3.147
147	1.879
148	3.541
149	4.109
150	2.192
151	3.983
152	3.506
153	3.679
154	3.27
155	3.991
156	2.116
157	3.453
158	3.759
159	2.025
160	1.866
161	3.57
162	2.919
163	2.21
164	3.393
165	2.073
166	3.213
167	3.903
168	3.422
169	3.44
170	3.619
171	2.692
172	2.249
173	3.939
174	2.252
175	3.499
176	3.78
177	2.07
178	3.402
179	3.848
180	1.624
181	3.983
182	4.129
183	1.676
184	3.776
185	3.402
186	3.493
187	2.994
188	3.288
189	3.603
190	3.782
191	3.755
192	1.926
193	3.168
194	3.039
195	1.389
196	2.98
197	3.566
198	1.757
199	3.096
200	3.549
201	1.962
202	3.597
203	3.695
204	2.853
205	2.494
206	3.898
207	1.831
208	3.569
209	3.693
210	1.397
211	3.881
212	4.039
213	2.076
214	3.238
215	3.142
216	1.749
217	3.366
218	3.862
219	2.256
220	3.931
221	3.593
222	1.615
223	3.412
224	4.044
225	2.584
226	1.317
227	3.947
228	1.268
229	3.271
230	3.699
231	2.817
232	3.645
233	3.867
234	1.681
235	2.359
236	3.094
237	2.147
238	2.165
239	2.691
240	1.649
241	2.024
242	3.685
243	3.252
244	3.274
245	3.746
246	1.906
247	2.742
248	1.689
249	2.403
250	1.748
251	3.025
252	3.379
253	3.59
254	2.985
255	1.897
256	2.051
257	1.809
258	3.184
259	3.104
260	1.786
261	3.22
262	3.296
263	3.298
264	2.413
265	2.165
266	2.412
267	3.59
268	1.272
269	3.597
270	1.818
271	2.298
272	2.18
273	3.387
274	2.852
275	1.678
276	1.159
277	2.691
278	1.645
279	3.475
280	3.241
281	2.294
282	1.702
283	3.503
284	3.331
285	3.554
286	2.945
287	3.667
288	2.235
289	1.736
290	3.017
291	3.138
292	2.486
293	3.504
294	2.99
295	1.944
296	2.716
297	2.066
298	1.61
299	2.2
