pair_ID	relatedness_score
0	3.733
1	3.377
2	4.07
3	3.362
4	2.128
5	3.886
6	3.385
7	2.43
8	3.805
9	2.055
10	4.001
11	2.483
12	3.098
13	3.775
14	3.798
15	2.449
16	3.742
17	4.206
18	2.431
19	3.335
20	4.017
21	2.529
22	3.538
23	3.572
24	3.548
25	2.513
26	3.524
27	2.292
28	3.704
29	3.819
30	3.278
31	3.837
32	3.879
33	2.373
34	3.108
35	4.442
36	2.502
37	3.397
38	3.772
39	1.919
40	3.305
41	3.912
42	4
43	3.545
44	3.402
45	1.757
46	3.262
47	4.026
48	1.899
49	2.324
50	4.596
51	2.481
52	4.238
53	3.93
54	2.175
55	3.737
56	4.112
57	1.927
58	3.684
59	4.016
60	2.041
61	3.541
62	3.608
63	3.34
64	1.903
65	4.103
66	2.245
67	3.246
68	3.648
69	3.7
70	3.673
71	3.663
72	3.169
73	2.095
74	3.954
75	1.997
76	3.751
77	3.571
78	2.014
79	3.757
80	3.587
81	2.532
82	3.352
83	3.739
84	2.259
85	3.635
86	3.835
87	1.488
88	3.354
89	4.112
90	2.457
91	3.583
92	3.877
93	2.309
94	3.206
95	3.565
96	1.155
97	3.885
98	3.513
99	2.192
100	3.298
101	4.062
102	2.517
103	3.403
104	3.498
105	3.878
106	2.89
107	4.142
108	2.241
109	3.075
110	4.064
111	4.026
112	3.716
113	3.816
114	3.783
115	4.117
116	3.678
117	2.131
118	3.543
119	3.82
120	2.457
121	3.893
122	4.079
123	1.74
124	2.318
125	3.925
126	2.869
127	3.654
128	3.317
129	3.604
130	3.409
131	4.08
132	2.466
133	3.322
134	3.943
135	3.739
136	4.133
137	3.664
138	3.637
139	3.069
140	4.461
141	3.255
142	2.362
143	4.213
144	3.781
145	3.354
146	2.463
147	1.984
148	4.015
149	3.801
150	2.185
151	3.825
152	2.455
153	3.348
154	2.891
155	4.393
156	1.947
157	3.747
158	3.72
159	2.128
160	1.941
161	3.861
162	2.305
163	2.421
164	2.379
165	1.619
166	3.584
167	3.926
168	3.598
169	3.354
170	3.533
171	2.304
172	2.227
173	3.853
174	1.998
175	3.202
176	3.388
177	2.174
178	3.399
179	4.208
180	1.225
181	3.458
182	4.236
183	1.456
184	3.559
185	3.414
186	3.909
187	3.45
188	3.501
189	3.383
190	3.413
191	3.699
192	2.328
193	3.69
194	2.455
195	1.065
196	2.53
197	3.502
198	2.052
199	2.539
200	3.442
201	2.168
202	3.609
203	4.13
204	2.446
205	2.449
206	3.399
207	2.107
208	3.653
209	3.963
210	1.512
211	3.804
212	3.51
213	2.34
214	2.446
215	2.531
216	1.059
217	3.549
218	3.866
219	2.147
220	3.824
221	3.911
222	1.812
223	3.615
224	4.133
225	2.292
226	1.588
227	3.742
228	1.683
229	3.748
230	3.909
231	3.03
232	3.593
233	3.501
234	1.815
235	2.386
236	3.293
237	1.811
238	2.262
239	2.089
240	1.668
241	2.424
242	3.783
243	3.777
244	3.355
245	4.005
246	1.728
247	3.16
248	1.378
249	2.442
250	1.514
251	3.095
252	3.335
253	4.019
254	2.51
255	2.01
256	1.939
257	1.321
258	2.54
259	2.55
260	1.094
261	3.645
262	3.296
263	3.638
264	1.873
265	2.053
266	2.175
267	3.513
268	1.612
269	3.431
270	2.174
271	2.514
272	2.237
273	3.512
274	1.965
275	1.617
276	1.473
277	3.635
278	1.576
279	3.409
280	2.486
281	2.155
282	1.53
283	3.568
284	3.349
285	3.558
286	3.235
287	3.905
288	2.17
289	2.305
290	2.543
291	3.507
292	2.551
293	4.204
294	2.505
295	2.37
296	2.106
297	2.059
298	1.823
299	1.85
