pair_ID	relatedness_score
0	0.492
1	0.168
2	0.344
3	0.179
4	0.506
5	0.266
6	0.078
7	0.749
8	0.087
9	0.301
10	0.269
11	0.263
12	0.317
13	0.332
14	0.173
15	0.231
16	0.4
17	0.114
18	0.856
19	0.221
20	0.105
21	0.318
22	0.434
23	0.254
24	0.38
25	0.073
26	0.061
27	0.747
28	0.169
29	0.228
30	0.821
31	0.222
32	0.131
33	0.139
34	0.556
35	0.045
36	0.206
37	0.482
38	0.127
39	0.349
40	0.668
41	0.22
42	0.212
43	0.169
44	0.176
45	1.43
46	0.264
47	0.219
48	0.84
49	0.545
50	0.103
51	0.692
52	0.146
53	0.152
54	0.567
55	0.406
56	0.081
57	1.356
58	0.682
59	0.174
60	0.71
61	0.103
62	0.14
63	0.238
64	1.233
65	0.08
66	1.333
67	0.146
68	0.212
69	0.149
70	0.172
71	0.217
72	0.35
73	0.19
74	0.07
75	0.63
76	0.096
77	0.12
78	0.491
79	0.255
80	0.213
81	0.129
82	0.526
83	0.187
84	0.206
85	0.12
86	0.36
87	0.715
88	0.124
89	0.053
90	0.562
91	0.124
92	0.041
93	0.496
94	0.126
95	0.041
96	0.646
97	0.396
98	0.072
99	0.115
100	0.188
101	0.242
102	0.486
103	0.179
104	0.239
105	0.71
106	0.618
107	0.082
108	1.484
109	0.616
110	0.436
111	0.439
112	0.217
113	0.095
114	0.126
115	0.393
116	0.618
117	0.106
118	0.858
119	0.225
120	0.196
121	0.54
122	0.039
123	0.362
124	0.506
125	0.129
126	0.223
127	0.182
128	0.409
129	0.154
130	0.555
131	0.264
132	0.217
133	0.246
134	0.192
135	0.425
136	0.079
137	0.253
138	1.416
139	0.402
140	0.206
141	0.171
142	0.345
143	0.414
144	0.568
145	0.091
146	0.167
147	0.488
148	0.211
149	0.247
150	0.371
151	0.122
152	0.414
153	0.122
154	0.12
155	0.142
156	0.479
157	0.674
158	0.157
159	0.573
160	0.269
161	0.614
162	0.484
163	0.238
164	0.21
165	0.223
166	0.685
167	0.146
168	0.36
169	0.568
170	0.127
171	0.101
172	0.109
173	0.165
174	0.76
175	0.436
176	0.11
177	0.754
178	0.342
179	0.188
180	0.212
181	0.201
182	0.219
183	0.203
184	0.3
185	0.26
186	0.508
187	0.18
188	0.131
189	0.31
190	0.409
191	0.232
192	0.248
193	0.032
194	0.112
195	0.383
196	1.288
197	0.119
198	0.279
199	0.113
200	0.13
201	0.341
202	0.148
203	0.082
204	0.447
205	0.775
206	0.139
207	0.617
208	0.607
209	0.132
210	0.188
211	0.145
212	0.14
213	0.438
214	0.549
215	0.13
216	0.152
217	0.333
218	0.067
219	0.267
220	0.07
221	0.281
222	0.076
223	0.428
224	0.342
225	0.612
226	0.531
227	0.194
228	0.474
229	1.41
230	0.276
231	0.188
232	0.658
233	0.128
234	0.553
235	0.312
236	0.157
237	0.137
238	0.53
239	0.099
240	0.672
241	0.263
242	0.079
243	0.473
244	0.563
245	0.207
246	0.283
247	0.136
248	0.209
249	0.091
250	0.242
251	0.252
252	0.18
253	0.124
254	0.125
255	0.123
256	0.35
257	0.155
258	0.213
259	0.091
260	0.128
261	0.185
262	0.359
263	0.072
264	0.096
265	0.25
266	0.037
267	0.535
268	0.29
269	0.116
270	1.435
271	0.253
272	0.194
273	0.56
274	0.197
275	0.367
276	0.329
277	0.521
278	0.136
279	0.216
280	0.3
281	0.036
282	0.121
283	0.546
284	0.201
285	0.609
286	0.545
287	0.077
288	0.391
289	1.211
290	0.038
291	0.096
292	0.218
293	0.064
294	1.416
295	0.596
296	0.027
297	0.699
298	0.635
299	0.06
300	0.208
301	0.608
302	0.261
303	0.123
304	0.156
305	0.103
306	0.62
307	0.128
308	0.178
309	0.195
310	0.085
311	0.106
312	0.493
313	0.227
314	0.072
315	0.425
316	0.094
317	0.582
318	0.392
319	0.261
320	0.188
321	0.169
322	0.238
323	0.114
324	0.405
325	0.088
326	0.029
327	0.189
328	0.607
329	0.109
330	0.233
331	0.093
332	0.209
333	0.097
334	0.243
335	0.249
336	0.472
337	0.07
338	0.265
339	0.046
340	0.032
341	0.294
342	0.193
343	0.061
344	1.279
345	0.263
346	0.2
347	0.108
348	0.256
349	0.536
350	0.403
351	0.321
352	0.122
353	0.731
354	0.092
355	0.147
356	0.619
357	0.562
358	0.153
359	0.072
360	0.522
361	0.064
362	1.27
363	0.226
364	0.07
365	0.171
366	0.348
367	0.059
368	0.626
369	0.113
370	0.479
371	0.504
372	0.145
373	0.164
374	0.228
375	0.302
376	0.175
377	0.171
378	0.175
379	0.267
380	0.553
381	0.17
382	0.359
383	0.156
384	0.232
385	0.143
386	0.417
387	0.269
388	0.61
389	0.486
390	0.46
391	0.133
392	0.548
393	0.081
394	0.693
395	0.18
396	0.412
397	0.094
398	0.18
399	0.234
400	0.083
401	0.193
402	0.094
403	0.079
404	1.391
405	0.09
406	0.097
407	0.898
408	0.3
409	0.195
410	0.327
411	0.909
412	0.236
413	0.159
414	0.126
415	0.093
416	0.218
417	0.209
418	0.033
419	0.229
420	0.078
421	0.16
422	0.695
423	0.533
424	0.114
425	0.374
426	1.283
427	0.215
428	0.883
429	0.23
430	0.1
431	0.059
432	0.017
433	0.167
434	0.282
435	0.097
436	0.159
437	0.192
438	0.691
439	0.232
440	0.378
441	0.114
442	0.402
443	0.539
444	0.064
445	0.077
446	0.521
447	0.236
448	0.13
449	0.201
