pair_ID	relatedness_score
0	2.704
1	1.921
2	2.581
3	1.734
4	2.394
5	3.466
6	3.632
7	2.438
8	3.633
9	2.106
10	2.272
11	3.287
12	2.616
13	3.222
14	3.638
15	2.209
16	2.967
17	3.834
18	2.43
19	2.672
20	3.258
21	2.93
22	2.5
23	2.559
24	2.087
25	2.67
26	3
27	2.535
28	3.506
29	2.378
30	2.747
31	2.386
32	2.705
33	1.92
34	2.29
35	2.81
36	2.562
37	2.538
38	2.885
39	2.281
40	2.522
41	3.066
42	2.405
43	2.64
44	2.11
45	2.36
46	2.707
47	3.844
48	2.181
49	2.443
50	3.253
51	2.241
52	2.327
53	3.758
54	2.077
55	2.605
56	3.049
57	2.83
58	2.707
59	3.802
60	2.689
61	2.757
62	3.418
63	2.585
64	3.047
65	3.758
66	2.519
67	2.105
68	3.08
69	2.771
70	2.286
71	2.297
72	2.451
73	2.721
74	2.705
75	2.359
76	2.061
77	3.094
78	2.359
79	2.875
80	2.382
81	2.258
82	2.437
83	3.677
84	2.009
85	2.193
86	2.815
87	2.515
88	3.105
89	2.946
90	2.255
91	2.586
92	3.469
93	2.392
94	3.323
95	2.939
96	2.691
97	2.65
98	3.326
99	2.514
100	2.653
101	3.64
102	2.543
103	2.516
104	3.69
105	2.373
106	2.31
107	2.923
108	2.619
109	2.728
110	2.384
111	2.364
112	2.094
113	3.439
114	1.811
115	2.415
116	2.427
117	2.435
118	2.44
119	2.878
120	2.568
121	2.443
122	2.77
123	2.489
124	2.393
125	2.931
126	2.175
127	2.563
128	3.776
129	2.411
130	3.15
131	3.781
132	2.117
133	2.761
134	3.671
135	2.498
136	2.517
137	3.247
138	2.709
139	2.695
140	3.751
141	2.354
142	3.053
143	2.483
144	2.289
145	2.018
146	3.611
147	1.927
148	2.258
149	2.842
150	1.837
151	2.945
152	2.504
153	2.696
154	2.305
155	3.225
156	2.489
157	2.604
158	3.014
159	2.503
160	2.304
161	2.564
162	2.845
163	3.641
164	3.844
165	2.713
166	2.676
167	3.578
168	2.572
169	2.465
170	2.47
171	2.433
172	2.346
173	3.554
174	2.324
175	2.243
176	2.794
177	2.515
178	2.88
179	2.458
180	2.255
181	2.037
182	4.022
183	2.263
184	3.947
185	3.545
186	2.545
187	2.487
188	3.491
189	2.174
190	2.254
191	3.845
192	2.483
193	2.957
194	1.978
195	2.51
196	2.847
197	3.603
198	1.725
199	3.05
200	3.427
201	2.03
202	2.455
203	2.923
204	2.245
205	2.708
206	3.215
207	2.183
208	2.807
209	3.62
210	2.357
211	2.986
212	3.526
213	2.371
214	2.841
215	2.902
216	2.546
217	2.687
218	3.986
219	2.442
220	2.254
221	3.115
222	2.716
223	2.657
224	3.014
225	2.519
226	1.998
227	3.821
228	2.205
229	2.907
230	3.647
231	1.852
232	2.319
233	3.318
234	2.35
235	2.447
236	3.682
237	2.443
238	2.606
239	3.894
240	2.321
241	2.492
242	2.942
243	2.45
244	2.58
245	2.255
246	2.369
247	2.778
248	3.36
249	2.171
250	2.811
251	3.971
252	2.707
253	1.985
254	4.175
255	2.553
256	2.163
257	3.349
258	2.137
259	2.513
260	3.572
261	1.868
262	2.807
263	4.188
264	2.132
265	2.439
266	3.67
267	2.578
268	3.209
269	3.648
270	2.45
271	2.582
272	4.192
273	2.482
274	2.291
275	3.671
276	2.701
277	2.88
278	2.588
279	2.022
280	2.71
281	3.378
282	2.233
283	2.636
284	3.843
285	2.483
286	2.967
287	3.661
288	2.29
289	3.14
290	3.077
291	2.07
292	2.303
293	4.168
294	3.168
295	2.407
296	3.001
297	1.999
298	2.512
299	3.014
300	2.11
301	2.722
302	3.846
303	2.099
304	2.624
305	3.89
306	2.736
307	2.28
308	3.333
309	2.427
310	3.015
311	3.088
312	2.593
313	2.201
314	3.482
315	2.365
316	2.53
317	2.492
318	2.107
319	3.21
320	3.87
321	2.722
322	2.571
323	3.44
324	3.076
325	2.945
326	2.863
327	2.35
328	2.464
329	2.619
330	1.95
331	2.53
332	2.095
333	3.194
334	3.437
335	2.418
336	2.454
337	2.887
338	2.143
339	3.133
340	3.635
341	2.392
342	2.482
343	3.139
344	2.836
345	2.795
346	2.719
347	2.857
348	3.207
349	2.481
350	3.076
351	2.829
352	3.594
353	2.335
354	2.431
355	2.736
356	2.216
357	3.944
358	3.966
359	2.095
360	2.92
361	3.421
362	3.186
363	2.455
364	3.641
365	2.186
366	2.592
367	3.191
368	2.276
369	2.388
370	2.306
371	2.507
372	2.223
373	3.247
374	2.256
375	2.418
376	3.876
377	2.175
378	3.274
379	2.93
380	2.078
381	2.299
382	3.596
383	2.142
384	3.387
385	3.516
386	2.584
387	3.643
388	2.786
389	2.774
390	2.416
391	3.627
392	2.543
393	3.251
394	2.713
395	2.842
396	2.947
397	2.851
398	2.479
399	2.591
400	2.894
401	2.278
402	2.619
403	2.69
404	2.435
405	2.61
406	3.033
407	3.074
408	2.425
409	3.813
410	1.725
411	2.484
412	2.55
413	1.918
414	3.1
415	2.851
416	2.212
417	2.548
418	2.767
419	2.955
420	2.106
421	3.182
422	2.839
423	2.487
424	2.999
425	2.547
426	2.753
427	4.04
428	2.287
429	2.476
430	2.429
431	2.652
432	3.307
433	3.33
434	2.446
435	2.1
436	3.821
437	2.741
438	2.793
439	3.35
440	2.147
441	2.163
442	2.097
443	2.247
444	2.763
445	2.662
446	2.109
447	2.752
448	3.543
449	1.982
